Sequence #,Month_Day_Year_Hours_Minutes_Seconds_msTicks,PGN,Processed PGN,Name,Manufacturer,Remote Address,Local Address,Priority,Single Frame,Size,Packet
0,6_21_2015_16_11_14_24931648,127508,Processed,Battery Status,Unknown Manufacturer,6,255,2,1,8,0x017505FF7FFFFFFF
1,6_21_2015_16_11_14_24931680,127250,Processed,Vessel Heading,Unknown Manufacturer,1,255,2,1,8,0xFF4F7AFF7FFF7FFD
2,6_21_2015_16_11_14_24931687,127245,Processed,Rudder,Unknown Manufacturer,1,255,2,1,8,0x00F8FF7F5FB8FFFF
3,6_21_2015_16_11_14_24931748,127508,Processed,Battery Status,Unknown Manufacturer,6,255,2,1,8,0x017505FF7FFFFFFF
4,6_21_2015_16_11_14_24931781,127250,Processed,Vessel Heading,Unknown Manufacturer,1,255,2,1,8,0xFF517AFF7FFF7FFD
5,6_21_2015_16_11_14_24931789,127245,Processed,Rudder,Unknown Manufacturer,1,255,2,1,8,0x00F8FF7F5FB8FFFF
6,6_21_2015_16_11_14_24931848,127508,Processed,Battery Status,Unknown Manufacturer,6,255,2,1,8,0x017505FF7FFFFFFF
7,6_21_2015_16_11_14_24931882,127250,Processed,Vessel Heading,Unknown Manufacturer,1,255,2,1,8,0xFF507AFF7FFF7FFD
8,6_21_2015_16_11_14_24931889,127245,Processed,Rudder,Unknown Manufacturer,1,255,2,1,8,0x00F8FF7F5FB8FFFF
9,6_21_2015_16_11_14_24931948,127508,Processed,Battery Status,Unknown Manufacturer,6,255,2,1,8,0x017505FF7FFFFFFF
10,6_21_2015_16_11_14_24931982,127250,Processed,Vessel Heading,Unknown Manufacturer,1,255,2,1,8,0xFF4F7AFF7FFF7FFD
11,6_21_2015_16_11_14_24931988,127245,Processed,Rudder,Unknown Manufacturer,1,255,2,1,8,0x00F8FF7F5FB8FFFF
12,6_21_2015_16_11_14_24932048,127508,Processed,Battery Status,Unknown Manufacturer,6,255,2,1,8,0x017505FF7FFFFFFF
13,6_21_2015_16_11_14_24932083,127250,Processed,Vessel Heading,Unknown Manufacturer,1,255,2,1,8,0xFF4C7AFF7FFF7FFD
14,6_21_2015_16_11_14_24932090,127245,Processed,Rudder,Unknown Manufacturer,1,255,2,1,8,0x00F8FF7F5FB8FFFF
15,6_21_2015_16_11_14_24932148,127508,Processed,Battery Status,Unknown Manufacturer,6,255,2,1,8,0x017505FF7FFFFFFF
16,6_21_2015_16_11_14_24932183,127250,Processed,Vessel Heading,Unknown Manufacturer,1,255,2,1,8,0xFF4A7AFF7FFF7FFD
17,6_21_2015_16_11_14_24932192,127245,Processed,Rudder,Unknown Manufacturer,1,255,2,1,8,0x00F8FF7F5FB8FFFF
18,6_21_2015_16_11_14_24932209,129284,Processed,Navigation Data,Unknown Manufacturer,4,255,3,0,34,0xFFFFFFFFFF0FFFFFFFFFFFFFFFFFFFFFFFFFFFFFFFFFFFFFFFFFFF7FFFFFFF7FFF7F
19,6_21_2015_16_11_14_24932215,129283,Processed,Cross Track Error,Unknown Manufacturer,4,255,3,1,8,0xFFFFFFFFFF7FFFFF
20,6_21_2015_16_11_14_24932248,127508,Processed,Battery Status,Unknown Manufacturer,6,255,2,1,8,0x017505FF7FFFFFFF
21,6_21_2015_16_11_14_24932276,127258,Unprocessed,Magnetic Variation,Unknown Manufacturer,9,255,6,1,6,0xFFFFDF40FF7F
22,6_21_2015_16_11_14_24932284,127250,Processed,Vessel Heading,Unknown Manufacturer,1,255,2,1,8,0xFF497AFF7FFF7FFD
23,6_21_2015_16_11_14_24932290,127245,Processed,Rudder,Unknown Manufacturer,1,255,2,1,8,0x00F8FF7F5FB8FFFF
24,6_21_2015_16_11_14_24932348,127508,Processed,Battery Status,Unknown Manufacturer,6,255,2,1,8,0x017505FF7FFFFFFF
25,6_21_2015_16_11_14_24932385,127250,Processed,Vessel Heading,Unknown Manufacturer,1,255,2,1,8,0xFF4B7AFF7FFF7FFD
26,6_21_2015_16_11_14_24932392,127245,Processed,Rudder,Unknown Manufacturer,1,255,2,1,8,0x00F8FF7F5FB8FFFF
27,6_21_2015_16_11_14_24932448,127508,Processed,Battery Status,Unknown Manufacturer,6,255,2,1,8,0x017505FF7FFFFFFF
28,6_21_2015_16_11_14_24932486,127250,Processed,Vessel Heading,Unknown Manufacturer,1,255,2,1,8,0xFF4E7AFF7FFF7FFD
29,6_21_2015_16_11_14_24932494,127245,Processed,Rudder,Unknown Manufacturer,1,255,2,1,8,0x00F8FF7F5FB8FFFF
30,6_21_2015_16_11_14_24932548,127508,Processed,Battery Status,Unknown Manufacturer,6,255,2,1,8,0x017505FF7FFFFFFF
31,6_21_2015_16_11_14_24932586,127250,Processed,Vessel Heading,Unknown Manufacturer,1,255,2,1,8,0xFF507AFF7FFF7FFD
32,6_21_2015_16_11_14_24932593,127245,Processed,Rudder,Unknown Manufacturer,1,255,2,1,8,0x00F8FF7F5FB8FFFF
33,6_21_2015_16_11_15_24932648,127508,Processed,Battery Status,Unknown Manufacturer,6,255,2,1,8,0x017505FF7FFFFFFF
34,6_21_2015_16_11_15_24932687,127250,Processed,Vessel Heading,Unknown Manufacturer,1,255,2,1,8,0xFF517AFF7FFF7FFD
35,6_21_2015_16_11_15_24932696,127245,Processed,Rudder,Unknown Manufacturer,1,255,2,1,8,0x00F8FF7F5FB8FFFF
36,6_21_2015_16_11_15_24932748,127508,Processed,Battery Status,Unknown Manufacturer,6,255,2,1,8,0x017505FF7FFFFFFF
37,6_21_2015_16_11_15_24932788,127250,Processed,Vessel Heading,Unknown Manufacturer,1,255,2,1,8,0xFF517AFF7FFF7FFD
38,6_21_2015_16_11_15_24932795,127245,Processed,Rudder,Unknown Manufacturer,1,255,2,1,8,0x00F8FF7F5FB8FFFF
39,6_21_2015_16_11_15_24932848,127508,Processed,Battery Status,Unknown Manufacturer,6,255,2,1,8,0x017505FF7FFFFFFF
40,6_21_2015_16_11_15_24932888,127250,Processed,Vessel Heading,Unknown Manufacturer,1,255,2,1,8,0xFF507AFF7FFF7FFD
41,6_21_2015_16_11_15_24932897,127245,Processed,Rudder,Unknown Manufacturer,1,255,2,1,8,0x00F8FF7F5FB8FFFF
42,6_21_2015_16_11_15_24932948,127508,Processed,Battery Status,Unknown Manufacturer,6,255,2,1,8,0x017505FF7FFFFFFF
43,6_21_2015_16_11_15_24932990,127250,Processed,Vessel Heading,Unknown Manufacturer,1,255,2,1,8,0xFF507AFF7FFF7FFD
44,6_21_2015_16_11_15_24932997,127245,Processed,Rudder,Unknown Manufacturer,1,255,2,1,8,0x00F8FF7F5FB8FFFF
45,6_21_2015_16_11_15_24933048,127508,Processed,Battery Status,Unknown Manufacturer,6,255,2,1,8,0x017505FF7FFFFFFF
46,6_21_2015_16_11_15_24933090,127250,Processed,Vessel Heading,Unknown Manufacturer,1,255,2,1,8,0xFF507AFF7FFF7FFD
47,6_21_2015_16_11_15_24933096,127245,Processed,Rudder,Unknown Manufacturer,1,255,2,1,8,0x00F8FF7F5FB8FFFF
48,6_21_2015_16_11_15_24933112,59904,Processed,ISO Request,Unknown Manufacturer,4,3,6,1,3,0x00EE00
49,6_21_2015_16_11_15_24933148,127508,Processed,Battery Status,Unknown Manufacturer,6,255,2,1,8,0x017505FF7FFFFFFF
50,6_21_2015_16_11_15_24933191,127250,Processed,Vessel Heading,Unknown Manufacturer,1,255,2,1,8,0xFF507AFF7FFF7FFD
51,6_21_2015_16_11_15_24933196,127245,Processed,Rudder,Unknown Manufacturer,1,255,2,1,8,0x00F8FF7F5FB8FFFF
52,6_21_2015_16_11_15_24933248,127508,Processed,Battery Status,Unknown Manufacturer,6,255,2,1,8,0x017505FF7FFFFFFF
53,6_21_2015_16_11_15_24933276,127258,Unprocessed,Magnetic Variation,Unknown Manufacturer,9,255,6,1,6,0xFFFFDF40FF7F
54,6_21_2015_16_11_15_24933291,127250,Processed,Vessel Heading,Unknown Manufacturer,1,255,2,1,8,0xFF507AFF7FFF7FFD
55,6_21_2015_16_11_15_24933298,127245,Processed,Rudder,Unknown Manufacturer,1,255,2,1,8,0x00F8FF7F5FB8FFFF
56,6_21_2015_16_11_15_24933348,127508,Processed,Battery Status,Unknown Manufacturer,6,255,2,1,8,0x017505FF7FFFFFFF
57,6_21_2015_16_11_15_24933393,127250,Processed,Vessel Heading,Unknown Manufacturer,1,255,2,1,8,0xFF517AFF7FFF7FFD
58,6_21_2015_16_11_15_24933400,127245,Processed,Rudder,Unknown Manufacturer,1,255,2,1,8,0x00F8FF7F5FB8FFFF
59,6_21_2015_16_11_15_24933434,127258,Unprocessed,Magnetic Variation,Unknown Manufacturer,4,255,7,1,6,0xFFF2DF404701
60,6_21_2015_16_11_15_24933441,129284,Processed,Navigation Data,Unknown Manufacturer,4,255,3,0,34,0xFFFFFFFFFF0FFFFFFFFFFFFFFFFFFFFFFFFFFFFFFFFFFFFFFFFFFF7FFFFFFF7FFF7F
61,6_21_2015_16_11_15_24933448,129283,Processed,Cross Track Error,Unknown Manufacturer,4,255,3,1,8,0xFFF0FFFFFF7FFFFF
62,6_21_2015_16_11_15_24933455,127508,Processed,Battery Status,Unknown Manufacturer,6,255,2,1,8,0x017505FF7FFFFFFF
63,6_21_2015_16_11_15_24933493,127250,Processed,Vessel Heading,Unknown Manufacturer,1,255,2,1,8,0xFF527AFF7FFF7FFD
64,6_21_2015_16_11_15_24933499,127245,Processed,Rudder,Unknown Manufacturer,1,255,2,1,8,0x00F8FF7F5FB8FFFF
65,6_21_2015_16_11_15_24933548,127508,Processed,Battery Status,Unknown Manufacturer,6,255,2,1,8,0x017505FF7FFFFFFF
66,6_21_2015_16_11_15_24933593,127250,Processed,Vessel Heading,Unknown Manufacturer,1,255,2,1,8,0xFF527AFF7FFF7FFD
67,6_21_2015_16_11_15_24933601,127245,Processed,Rudder,Unknown Manufacturer,1,255,2,1,8,0x00F8FF7F5FB8FFFF
68,6_21_2015_16_11_16_24933648,127508,Processed,Battery Status,Unknown Manufacturer,6,255,2,1,8,0x017505FF7FFFFFFF
69,6_21_2015_16_11_16_24933694,127250,Processed,Vessel Heading,Unknown Manufacturer,1,255,2,1,8,0xFF527AFF7FFF7FFD
70,6_21_2015_16_11_16_24933701,127245,Processed,Rudder,Unknown Manufacturer,1,255,2,1,8,0x00F8FF7F5FB8FFFF
71,6_21_2015_16_11_16_24933748,127508,Processed,Battery Status,Unknown Manufacturer,6,255,2,1,8,0x017505FF7FFFFFFF
72,6_21_2015_16_11_16_24933795,127250,Processed,Vessel Heading,Unknown Manufacturer,1,255,2,1,8,0xFF527AFF7FFF7FFD
73,6_21_2015_16_11_16_24933802,127245,Processed,Rudder,Unknown Manufacturer,1,255,2,1,8,0x00F8FF7F5FB8FFFF
74,6_21_2015_16_11_16_24933848,127508,Processed,Battery Status,Unknown Manufacturer,6,255,2,1,8,0x017505FF7FFFFFFF
75,6_21_2015_16_11_16_24933896,127250,Processed,Vessel Heading,Unknown Manufacturer,1,255,2,1,8,0xFF527AFF7FFF7FFD
76,6_21_2015_16_11_16_24933903,127245,Processed,Rudder,Unknown Manufacturer,1,255,2,1,8,0x00F8FF7F5FB8FFFF
77,6_21_2015_16_11_16_24933948,127508,Processed,Battery Status,Unknown Manufacturer,6,255,2,1,8,0x017505FF7FFFFFFF
78,6_21_2015_16_11_16_24933996,127250,Processed,Vessel Heading,Unknown Manufacturer,1,255,2,1,8,0xFF507AFF7FFF7FFD
79,6_21_2015_16_11_16_24934004,127245,Processed,Rudder,Unknown Manufacturer,1,255,2,1,8,0x00F8FF7F5FB8FFFF
80,6_21_2015_16_11_16_24934048,127508,Processed,Battery Status,Unknown Manufacturer,6,255,2,1,8,0x017505FF7FFFFFFF
81,6_21_2015_16_11_16_24934109,127250,Processed,Vessel Heading,Unknown Manufacturer,1,255,2,1,8,0xFF507AFF7FFF7FFD
82,6_21_2015_16_11_16_24934117,127245,Processed,Rudder,Unknown Manufacturer,1,255,2,1,8,0x00F8FF7F5FB8FFFF
83,6_21_2015_16_11_16_24934148,127508,Processed,Battery Status,Unknown Manufacturer,6,255,2,1,8,0x017505FF7FFFFFFF
84,6_21_2015_16_11_16_24934198,127250,Processed,Vessel Heading,Unknown Manufacturer,1,255,2,1,8,0xFF4F7AFF7FFF7FFD
85,6_21_2015_16_11_16_24934205,127245,Processed,Rudder,Unknown Manufacturer,1,255,2,1,8,0x00F8FF7F5FB8FFFF
86,6_21_2015_16_11_16_24934248,127508,Processed,Battery Status,Unknown Manufacturer,6,255,2,1,8,0x017505FF7FFFFFFF
87,6_21_2015_16_11_16_24934276,127258,Unprocessed,Magnetic Variation,Unknown Manufacturer,9,255,6,1,6,0xFFF2DF404701
88,6_21_2015_16_11_16_24934299,127250,Processed,Vessel Heading,Unknown Manufacturer,1,255,2,1,8,0xFF507AFF7FFF7FFD
89,6_21_2015_16_11_16_24934306,127245,Processed,Rudder,Unknown Manufacturer,1,255,2,1,8,0x00F8FF7F5FB8FFFF
90,6_21_2015_16_11_16_24934348,127508,Processed,Battery Status,Unknown Manufacturer,6,255,2,1,8,0x017505FF7FFFFFFF
91,6_21_2015_16_11_16_24934399,127250,Processed,Vessel Heading,Unknown Manufacturer,1,255,2,1,8,0xFF507AFF7FFF7FFD
92,6_21_2015_16_11_16_24934406,127245,Processed,Rudder,Unknown Manufacturer,1,255,2,1,8,0x00F8FF7F5FB8FFFF
93,6_21_2015_16_11_16_24934448,127508,Processed,Battery Status,Unknown Manufacturer,6,255,2,1,8,0x017505FF7FFFFFFF
94,6_21_2015_16_11_16_24934500,127250,Processed,Vessel Heading,Unknown Manufacturer,1,255,2,1,8,0xFF507AFF7FFF7FFD
95,6_21_2015_16_11_16_24934507,127245,Processed,Rudder,Unknown Manufacturer,1,255,2,1,8,0x00F8FF7F5FB8FFFF
96,6_21_2015_16_11_16_24934548,127508,Processed,Battery Status,Unknown Manufacturer,6,255,2,1,8,0x017505FF7FFFFFFF
97,6_21_2015_16_11_16_24934601,127250,Processed,Vessel Heading,Unknown Manufacturer,1,255,2,1,8,0xFF4F7AFF7FFF7FFD
98,6_21_2015_16_11_16_24934608,127245,Processed,Rudder,Unknown Manufacturer,1,255,2,1,8,0x00F8FF7F5FB8FFFF
99,6_21_2015_16_11_17_24934648,127508,Processed,Battery Status,Unknown Manufacturer,6,255,2,1,8,0x017505FF7FFFFFFF
100,6_21_2015_16_11_17_24934684,127258,Unprocessed,Magnetic Variation,Unknown Manufacturer,4,255,7,1,6,0xFFF2DF404701
101,6_21_2015_16_11_17_24934691,129284,Processed,Navigation Data,Unknown Manufacturer,4,255,3,0,34,0xFFFFFFFFFF0FFFFFFFFFFFFFFFFFFFFFFFFFFFFFFFFFFFFFFFFFFF7FFFFFFF7FFF7F
102,6_21_2015_16_11_17_24934698,129283,Processed,Cross Track Error,Unknown Manufacturer,4,255,3,1,8,0xFFF0FFFFFF7FFFFF
103,6_21_2015_16_11_17_24934706,127250,Processed,Vessel Heading,Unknown Manufacturer,1,255,2,1,8,0xFF4F7AFF7FFF7FFD
104,6_21_2015_16_11_17_24934713,127245,Processed,Rudder,Unknown Manufacturer,1,255,2,1,8,0x00F8FF7F5FB8FFFF
105,6_21_2015_16_11_17_24934748,127508,Processed,Battery Status,Unknown Manufacturer,6,255,2,1,8,0x017505FF7FFFFFFF
106,6_21_2015_16_11_17_24934802,127250,Processed,Vessel Heading,Unknown Manufacturer,1,255,2,1,8,0xFF507AFF7FFF7FFD
107,6_21_2015_16_11_17_24934813,127245,Processed,Rudder,Unknown Manufacturer,1,255,2,1,8,0x00F8FF7F5FB8FFFF
108,6_21_2015_16_11_17_24934848,127508,Processed,Battery Status,Unknown Manufacturer,6,255,2,1,8,0x017505FF7FFFFFFF
109,6_21_2015_16_11_17_24934903,127250,Processed,Vessel Heading,Unknown Manufacturer,1,255,2,1,8,0xFF507AFF7FFF7FFD
110,6_21_2015_16_11_17_24934910,127245,Processed,Rudder,Unknown Manufacturer,1,255,2,1,8,0x00F8FF7F5FB8FFFF
111,6_21_2015_16_11_17_24934948,127508,Processed,Battery Status,Unknown Manufacturer,6,255,2,1,8,0x017505FF7FFFFFFF
112,6_21_2015_16_11_17_24935003,127250,Processed,Vessel Heading,Unknown Manufacturer,1,255,2,1,8,0xFF4F7AFF7FFF7FFD
113,6_21_2015_16_11_17_24935011,127245,Processed,Rudder,Unknown Manufacturer,1,255,2,1,8,0x00F8FF7F5FB8FFFF
114,6_21_2015_16_11_17_24935048,127508,Processed,Battery Status,Unknown Manufacturer,6,255,2,1,8,0x017505FF7FFFFFFF
115,6_21_2015_16_11_17_24935104,127250,Processed,Vessel Heading,Unknown Manufacturer,1,255,2,1,8,0xFF507AFF7FFF7FFD
116,6_21_2015_16_11_17_24935111,127245,Processed,Rudder,Unknown Manufacturer,1,255,2,1,8,0x00F8FF7F5FB8FFFF
117,6_21_2015_16_11_17_24935148,127508,Processed,Battery Status,Unknown Manufacturer,6,255,2,1,8,0x017505FF7FFFFFFF
118,6_21_2015_16_11_17_24935205,127250,Processed,Vessel Heading,Unknown Manufacturer,1,255,2,1,8,0xFF507AFF7FFF7FFD
119,6_21_2015_16_11_17_24935212,127245,Processed,Rudder,Unknown Manufacturer,1,255,2,1,8,0x00F8FF7F5FB8FFFF
120,6_21_2015_16_11_17_24935248,127508,Processed,Battery Status,Unknown Manufacturer,6,255,2,1,8,0x017505FF7FFFFFFF
121,6_21_2015_16_11_17_24935273,59904,Processed,ISO Request,Unknown Manufacturer,4,3,6,1,3,0x14F001
122,6_21_2015_16_11_17_24935280,127258,Unprocessed,Magnetic Variation,Unknown Manufacturer,9,255,6,1,6,0xFFF2DF404701
123,6_21_2015_16_11_17_24935305,127250,Processed,Vessel Heading,Unknown Manufacturer,1,255,2,1,8,0xFF507AFF7FFF7FFD
124,6_21_2015_16_11_17_24935312,127245,Processed,Rudder,Unknown Manufacturer,1,255,2,1,8,0x00F8FF7F5FB8FFFF
125,6_21_2015_16_11_17_24935348,127508,Processed,Battery Status,Unknown Manufacturer,6,255,2,1,8,0x017505FF7FFFFFFF
126,6_21_2015_16_11_17_24935406,127250,Processed,Vessel Heading,Unknown Manufacturer,1,255,2,1,8,0xFF4E7AFF7FFF7FFD
127,6_21_2015_16_11_17_24935413,127245,Processed,Rudder,Unknown Manufacturer,1,255,2,1,8,0x00F8FF7F5FB8FFFF
128,6_21_2015_16_11_17_24935448,127508,Processed,Battery Status,Unknown Manufacturer,6,255,2,1,8,0x017505FF7FFFFFFF
129,6_21_2015_16_11_17_24935507,127250,Processed,Vessel Heading,Unknown Manufacturer,1,255,2,1,8,0xFF4D7AFF7FFF7FFD
130,6_21_2015_16_11_17_24935515,127245,Processed,Rudder,Unknown Manufacturer,1,255,2,1,8,0x00F8FF7F5FB8FFFF
131,6_21_2015_16_11_17_24935548,127508,Processed,Battery Status,Unknown Manufacturer,6,255,2,1,8,0x017505FF7FFFFFFF
132,6_21_2015_16_11_17_24935608,127250,Processed,Vessel Heading,Unknown Manufacturer,1,255,2,1,8,0xFF4B7AFF7FFF7FFD
133,6_21_2015_16_11_17_24935615,127245,Processed,Rudder,Unknown Manufacturer,1,255,2,1,8,0x00F8FF7F5FB8FFFF
134,6_21_2015_16_11_18_24935648,127508,Processed,Battery Status,Unknown Manufacturer,6,255,2,1,8,0x017505FF7FFFFFFF
135,6_21_2015_16_11_18_24935708,127250,Processed,Vessel Heading,Unknown Manufacturer,1,255,2,1,8,0xFF497AFF7FFF7FFD
136,6_21_2015_16_11_18_24935714,127245,Processed,Rudder,Unknown Manufacturer,1,255,2,1,8,0x00F8FF7F5FB8FFFF
137,6_21_2015_16_11_18_24935748,127508,Processed,Battery Status,Unknown Manufacturer,6,255,2,1,8,0x017505FF7FFFFFFF
138,6_21_2015_16_11_18_24935809,127250,Processed,Vessel Heading,Unknown Manufacturer,1,255,2,1,8,0xFF487AFF7FFF7FFD
139,6_21_2015_16_11_18_24935816,127245,Processed,Rudder,Unknown Manufacturer,1,255,2,1,8,0x00F8FF7F5FB8FFFF
140,6_21_2015_16_11_18_24935848,127508,Processed,Battery Status,Unknown Manufacturer,6,255,2,1,8,0x017505FF7FFFFFFF
141,6_21_2015_16_11_18_24935910,127250,Processed,Vessel Heading,Unknown Manufacturer,1,255,2,1,8,0xFF4B7AFF7FFF7FFD
142,6_21_2015_16_11_18_24935918,127245,Processed,Rudder,Unknown Manufacturer,1,255,2,1,8,0x00F8FF7F5FB8FFFF
143,6_21_2015_16_11_18_24935934,127258,Unprocessed,Magnetic Variation,Unknown Manufacturer,4,255,7,1,6,0xFFF2DF404701
144,6_21_2015_16_11_18_24935940,129284,Processed,Navigation Data,Unknown Manufacturer,4,255,3,0,34,0xFFFFFFFFFF0FFFFFFFFFFFFFFFFFFFFFFFFFFFFFFFFFFFFFFFFFFF7FFFFFFF7FFF7F
145,6_21_2015_16_11_18_24935948,129283,Processed,Cross Track Error,Unknown Manufacturer,4,255,3,1,8,0xFFF0FFFFFF7FFFFF
146,6_21_2015_16_11_18_24935956,127508,Processed,Battery Status,Unknown Manufacturer,6,255,2,1,8,0x017505FF7FFFFFFF
147,6_21_2015_16_11_18_24936010,127250,Processed,Vessel Heading,Unknown Manufacturer,1,255,2,1,8,0xFF4C7AFF7FFF7FFD
148,6_21_2015_16_11_18_24936016,127245,Processed,Rudder,Unknown Manufacturer,1,255,2,1,8,0x00F8FF7F5FB8FFFF
149,6_21_2015_16_11_18_24936048,127508,Processed,Battery Status,Unknown Manufacturer,6,255,2,1,8,0x017505FF7FFFFFFF
150,6_21_2015_16_11_18_24936111,127250,Processed,Vessel Heading,Unknown Manufacturer,1,255,2,1,8,0xFF4C7AFF7FFF7FFD
151,6_21_2015_16_11_18_24936118,127245,Processed,Rudder,Unknown Manufacturer,1,255,2,1,8,0x00F8FF7F5FB8FFFF
152,6_21_2015_16_11_18_24936148,127508,Processed,Battery Status,Unknown Manufacturer,6,255,2,1,8,0x017505FF7FFFFFFF
153,6_21_2015_16_11_18_24936212,127250,Processed,Vessel Heading,Unknown Manufacturer,1,255,2,1,8,0xFF4C7AFF7FFF7FFD
154,6_21_2015_16_11_18_24936220,127245,Processed,Rudder,Unknown Manufacturer,1,255,2,1,8,0x00F8FF7F5FB8FFFF
155,6_21_2015_16_11_18_24936248,127508,Processed,Battery Status,Unknown Manufacturer,6,255,2,1,8,0x017505FF7FFFFFFF
156,6_21_2015_16_11_18_24936276,127258,Unprocessed,Magnetic Variation,Unknown Manufacturer,9,255,6,1,6,0xFFF2DF404701
157,6_21_2015_16_11_18_24936313,127250,Processed,Vessel Heading,Unknown Manufacturer,1,255,2,1,8,0xFF4D7AFF7FFF7FFD
158,6_21_2015_16_11_18_24936321,127245,Processed,Rudder,Unknown Manufacturer,1,255,2,1,8,0x00F8FF7F5FB8FFFF
159,6_21_2015_16_11_18_24936348,127508,Processed,Battery Status,Unknown Manufacturer,6,255,2,1,8,0x017505FF7FFFFFFF
160,6_21_2015_16_11_18_24936413,127250,Processed,Vessel Heading,Unknown Manufacturer,1,255,2,1,8,0xFF4D7AFF7FFF7FFD
161,6_21_2015_16_11_18_24936421,127245,Processed,Rudder,Unknown Manufacturer,1,255,2,1,8,0x00F8FF7F5FB8FFFF
162,6_21_2015_16_11_18_24936448,127508,Processed,Battery Status,Unknown Manufacturer,6,255,2,1,8,0x017505FF7FFFFFFF
163,6_21_2015_16_11_18_24936514,127250,Processed,Vessel Heading,Unknown Manufacturer,1,255,2,1,8,0xFF4D7AFF7FFF7FFD
164,6_21_2015_16_11_18_24936520,127245,Processed,Rudder,Unknown Manufacturer,1,255,2,1,8,0x00F8FF7F5FB8FFFF
165,6_21_2015_16_11_18_24936548,127508,Processed,Battery Status,Unknown Manufacturer,6,255,2,1,8,0x017505FF7FFFFFFF
166,6_21_2015_16_11_18_24936615,127250,Processed,Vessel Heading,Unknown Manufacturer,1,255,2,1,8,0xFF4D7AFF7FFF7FFD
167,6_21_2015_16_11_19_24936622,127245,Processed,Rudder,Unknown Manufacturer,1,255,2,1,8,0x00F8FF7F5FB8FFFF
168,6_21_2015_16_11_19_24936648,127508,Processed,Battery Status,Unknown Manufacturer,6,255,2,1,8,0x017505FF7FFFFFFF
169,6_21_2015_16_11_19_24936716,127250,Processed,Vessel Heading,Unknown Manufacturer,1,255,2,1,8,0xFF4C7AFF7FFF7FFD
170,6_21_2015_16_11_19_24936724,127245,Processed,Rudder,Unknown Manufacturer,1,255,2,1,8,0x00F8FF7F5FB8FFFF
171,6_21_2015_16_11_19_24936748,127508,Processed,Battery Status,Unknown Manufacturer,6,255,2,1,8,0x017505FF7FFFFFFF
172,6_21_2015_16_11_19_24936816,127250,Processed,Vessel Heading,Unknown Manufacturer,1,255,2,1,8,0xFF4C7AFF7FFF7FFD
173,6_21_2015_16_11_19_24936823,127245,Processed,Rudder,Unknown Manufacturer,1,255,2,1,8,0x00F8FF7F5FB8FFFF
174,6_21_2015_16_11_19_24936848,127508,Processed,Battery Status,Unknown Manufacturer,6,255,2,1,8,0x017505FF7FFFFFFF
175,6_21_2015_16_11_19_24936917,127250,Processed,Vessel Heading,Unknown Manufacturer,1,255,2,1,8,0xFF4B7AFF7FFF7FFD
176,6_21_2015_16_11_19_24936924,127245,Processed,Rudder,Unknown Manufacturer,1,255,2,1,8,0x00F8FF7F5FB8FFFF
177,6_21_2015_16_11_19_24936948,127508,Processed,Battery Status,Unknown Manufacturer,6,255,2,1,8,0x017505FF7FFFFFFF
178,6_21_2015_16_11_19_24937018,127250,Processed,Vessel Heading,Unknown Manufacturer,1,255,2,1,8,0xFF4A7AFF7FFF7FFD
179,6_21_2015_16_11_19_24937026,127245,Processed,Rudder,Unknown Manufacturer,1,255,2,1,8,0x00F8FF7F5FB8FFFF
180,6_21_2015_16_11_19_24937048,127508,Processed,Battery Status,Unknown Manufacturer,6,255,2,1,8,0x017505FF7FFFFFFF
181,6_21_2015_16_11_19_24937118,127250,Processed,Vessel Heading,Unknown Manufacturer,1,255,2,1,8,0xFF4A7AFF7FFF7FFD
182,6_21_2015_16_11_19_24937126,127245,Processed,Rudder,Unknown Manufacturer,1,255,2,1,8,0x00F8FF7F5FB8FFFF
183,6_21_2015_16_11_19_24937148,127508,Processed,Battery Status,Unknown Manufacturer,6,255,2,1,8,0x017505FF7FFFFFFF
184,6_21_2015_16_11_19_24937187,127258,Unprocessed,Magnetic Variation,Unknown Manufacturer,4,255,7,1,6,0xFFF2DF404701
185,6_21_2015_16_11_19_24937201,129284,Processed,Navigation Data,Unknown Manufacturer,4,255,3,0,34,0xFFFFFFFFFF0FFFFFFFFFFFFFFFFFFFFFFFFFFFFFFFFFFFFFFFFFFF7FFFFFFF7FFF7F
186,6_21_2015_16_11_19_24937209,129283,Processed,Cross Track Error,Unknown Manufacturer,4,255,3,1,8,0xFFF0FFFFFF7FFFFF
187,6_21_2015_16_11_19_24937219,127250,Processed,Vessel Heading,Unknown Manufacturer,1,255,2,1,8,0xFF4A7AFF7FFF7FFD
188,6_21_2015_16_11_19_24937225,127245,Processed,Rudder,Unknown Manufacturer,1,255,2,1,8,0x00F8FF7F5FB8FFFF
189,6_21_2015_16_11_19_24937248,127508,Processed,Battery Status,Unknown Manufacturer,6,255,2,1,8,0x017505FF7FFFFFFF
190,6_21_2015_16_11_19_24937277,127258,Unprocessed,Magnetic Variation,Unknown Manufacturer,9,255,6,1,6,0xFFF2DF404701
191,6_21_2015_16_11_19_24937320,127250,Processed,Vessel Heading,Unknown Manufacturer,1,255,2,1,8,0xFF4A7AFF7FFF7FFD
192,6_21_2015_16_11_19_24937325,127245,Processed,Rudder,Unknown Manufacturer,1,255,2,1,8,0x00F8FF7F5FB8FFFF
193,6_21_2015_16_11_19_24937348,127508,Processed,Battery Status,Unknown Manufacturer,6,255,2,1,8,0x017505FF7FFFFFFF
194,6_21_2015_16_11_19_24937421,127250,Processed,Vessel Heading,Unknown Manufacturer,1,255,2,1,8,0xFF497AFF7FFF7FFD
195,6_21_2015_16_11_19_24937428,127245,Processed,Rudder,Unknown Manufacturer,1,255,2,1,8,0x00F8FF7F5FB8FFFF
196,6_21_2015_16_11_19_24937448,127508,Processed,Battery Status,Unknown Manufacturer,6,255,2,1,8,0x017505FF7FFFFFFF
197,6_21_2015_16_11_19_24937521,127250,Processed,Vessel Heading,Unknown Manufacturer,1,255,2,1,8,0xFF497AFF7FFF7FFD
198,6_21_2015_16_11_19_24937529,127245,Processed,Rudder,Unknown Manufacturer,1,255,2,1,8,0x00F8FF7F5FB8FFFF
199,6_21_2015_16_11_19_24937548,127508,Processed,Battery Status,Unknown Manufacturer,6,255,2,1,8,0x017505FF7FFFFFFF
200,6_21_2015_16_11_20_24937622,127250,Processed,Vessel Heading,Unknown Manufacturer,1,255,2,1,8,0xFF497AFF7FFF7FFD
201,6_21_2015_16_11_20_24937630,127245,Processed,Rudder,Unknown Manufacturer,1,255,2,1,8,0x00F8FF7F5FB8FFFF
202,6_21_2015_16_11_20_24937648,127508,Processed,Battery Status,Unknown Manufacturer,6,255,2,1,8,0x017505FF7FFFFFFF
203,6_21_2015_16_11_20_24937723,127250,Processed,Vessel Heading,Unknown Manufacturer,1,255,2,1,8,0xFF487AFF7FFF7FFD
204,6_21_2015_16_11_20_24937728,127245,Processed,Rudder,Unknown Manufacturer,1,255,2,1,8,0x00F8FF7F5FB8FFFF
205,6_21_2015_16_11_20_24937748,127508,Processed,Battery Status,Unknown Manufacturer,6,255,2,1,8,0x017505FF7FFFFFFF
206,6_21_2015_16_11_20_24937823,127250,Processed,Vessel Heading,Unknown Manufacturer,1,255,2,1,8,0xFF487AFF7FFF7FFD
207,6_21_2015_16_11_20_24937829,127245,Processed,Rudder,Unknown Manufacturer,1,255,2,1,8,0x00F8FF7F5FB8FFFF
208,6_21_2015_16_11_20_24937848,127508,Processed,Battery Status,Unknown Manufacturer,6,255,2,1,8,0x017505FF7FFFFFFF
209,6_21_2015_16_11_20_24937924,127250,Processed,Vessel Heading,Unknown Manufacturer,1,255,2,1,8,0xFF497AFF7FFF7FFD
210,6_21_2015_16_11_20_24937932,127245,Processed,Rudder,Unknown Manufacturer,1,255,2,1,8,0x00F8FF7F5FB8FFFF
211,6_21_2015_16_11_20_24937948,127508,Processed,Battery Status,Unknown Manufacturer,6,255,2,1,8,0x017505FF7FFFFFFF
212,6_21_2015_16_11_20_24938025,127250,Processed,Vessel Heading,Unknown Manufacturer,1,255,2,1,8,0xFF487AFF7FFF7FFD
213,6_21_2015_16_11_20_24938033,127245,Processed,Rudder,Unknown Manufacturer,1,255,2,1,8,0x00F8FF7F5FB8FFFF
214,6_21_2015_16_11_20_24938048,127508,Processed,Battery Status,Unknown Manufacturer,6,255,2,1,8,0x017505FF7FFFFFFF
215,6_21_2015_16_11_20_24938125,127250,Processed,Vessel Heading,Unknown Manufacturer,1,255,2,1,8,0xFF497AFF7FFF7FFD
216,6_21_2015_16_11_20_24938132,127245,Processed,Rudder,Unknown Manufacturer,1,255,2,1,8,0x00F8FF7F5FB8FFFF
217,6_21_2015_16_11_20_24938148,127508,Processed,Battery Status,Unknown Manufacturer,6,255,2,1,8,0x017505FF7FFFFFFF
218,6_21_2015_16_11_20_24938226,127250,Processed,Vessel Heading,Unknown Manufacturer,1,255,2,1,8,0xFF497AFF7FFF7FFD
219,6_21_2015_16_11_20_24938232,127245,Processed,Rudder,Unknown Manufacturer,1,255,2,1,8,0x00F8FF7F5FB8FFFF
220,6_21_2015_16_11_20_24938248,127508,Processed,Battery Status,Unknown Manufacturer,6,255,2,1,8,0x017505FF7FFFFFFF
221,6_21_2015_16_11_20_24938276,127258,Unprocessed,Magnetic Variation,Unknown Manufacturer,9,255,6,1,6,0xFFF2DF404701
222,6_21_2015_16_11_20_24938327,127250,Processed,Vessel Heading,Unknown Manufacturer,1,255,2,1,8,0xFF487AFF7FFF7FFD
223,6_21_2015_16_11_20_24938332,127245,Processed,Rudder,Unknown Manufacturer,1,255,2,1,8,0x00F8FF7F5FB8FFFF
224,6_21_2015_16_11_20_24938348,127508,Processed,Battery Status,Unknown Manufacturer,6,255,2,1,8,0x017505FF7FFFFFFF
225,6_21_2015_16_11_20_24938384,127258,Unprocessed,Magnetic Variation,Unknown Manufacturer,4,255,7,1,6,0xFFF2DF404701
226,6_21_2015_16_11_20_24938393,129284,Processed,Navigation Data,Unknown Manufacturer,4,255,3,0,34,0xFFFFFFFFFF0FFFFFFFFFFFFFFFFFFFFFFFFFFFFFFFFFFFFFFFFFFF7FFFFFFF7FFF7F
227,6_21_2015_16_11_20_24938399,129283,Processed,Cross Track Error,Unknown Manufacturer,4,255,3,1,8,0xFFF0FFFFFF7FFFFF
228,6_21_2015_16_11_20_24938427,127250,Processed,Vessel Heading,Unknown Manufacturer,1,255,2,1,8,0xFF487AFF7FFF7FFD
229,6_21_2015_16_11_20_24938436,127245,Processed,Rudder,Unknown Manufacturer,1,255,2,1,8,0x00F8FF7F5FB8FFFF
230,6_21_2015_16_11_20_24938448,127508,Processed,Battery Status,Unknown Manufacturer,6,255,2,1,8,0x017505FF7FFFFFFF
231,6_21_2015_16_11_20_24938528,127250,Processed,Vessel Heading,Unknown Manufacturer,1,255,2,1,8,0xFF487AFF7FFF7FFD
232,6_21_2015_16_11_20_24938534,127245,Processed,Rudder,Unknown Manufacturer,1,255,2,1,8,0x00F8FF7F5FB8FFFF
233,6_21_2015_16_11_20_24938548,127508,Processed,Battery Status,Unknown Manufacturer,6,255,2,1,8,0x017505FF7FFFFFFF
234,6_21_2015_16_11_21_24938629,127250,Processed,Vessel Heading,Unknown Manufacturer,1,255,2,1,8,0xFF487AFF7FFF7FFD
235,6_21_2015_16_11_21_24938635,127245,Processed,Rudder,Unknown Manufacturer,1,255,2,1,8,0x00F8FF7F5FB8FFFF
236,6_21_2015_16_11_21_24938648,127508,Processed,Battery Status,Unknown Manufacturer,6,255,2,1,8,0x017505FF7FFFFFFF
237,6_21_2015_16_11_21_24938730,127250,Processed,Vessel Heading,Unknown Manufacturer,1,255,2,1,8,0xFF477AFF7FFF7FFD
238,6_21_2015_16_11_21_24938737,127245,Processed,Rudder,Unknown Manufacturer,1,255,2,1,8,0x00F8FF7F5FB8FFFF
239,6_21_2015_16_11_21_24938748,127508,Processed,Battery Status,Unknown Manufacturer,6,255,2,1,8,0x017505FF7FFFFFFF
240,6_21_2015_16_11_21_24938830,127250,Processed,Vessel Heading,Unknown Manufacturer,1,255,2,1,8,0xFF477AFF7FFF7FFD
241,6_21_2015_16_11_21_24938839,127245,Processed,Rudder,Unknown Manufacturer,1,255,2,1,8,0x00F8FF7F5FB8FFFF
242,6_21_2015_16_11_21_24938848,127508,Processed,Battery Status,Unknown Manufacturer,6,255,2,1,8,0x017505FF7FFFFFFF
243,6_21_2015_16_11_21_24938931,127250,Processed,Vessel Heading,Unknown Manufacturer,1,255,2,1,8,0xFF477AFF7FFF7FFD
244,6_21_2015_16_11_21_24938937,127245,Processed,Rudder,Unknown Manufacturer,1,255,2,1,8,0x00F8FF7F5FB8FFFF
245,6_21_2015_16_11_21_24938948,127508,Processed,Battery Status,Unknown Manufacturer,6,255,2,1,8,0x017505FF7FFFFFFF
246,6_21_2015_16_11_21_24939032,127250,Processed,Vessel Heading,Unknown Manufacturer,1,255,2,1,8,0xFF467AFF7FFF7FFD
247,6_21_2015_16_11_21_24939038,127245,Processed,Rudder,Unknown Manufacturer,1,255,2,1,8,0x00F8FF7F5FB8FFFF
248,6_21_2015_16_11_21_24939048,127508,Processed,Battery Status,Unknown Manufacturer,6,255,2,1,8,0x017505FF7FFFFFFF
249,6_21_2015_16_11_21_24939133,127250,Processed,Vessel Heading,Unknown Manufacturer,1,255,2,1,8,0xFF457AFF7FFF7FFD
250,6_21_2015_16_11_21_24939144,127245,Processed,Rudder,Unknown Manufacturer,1,255,2,1,8,0x00F8FF7F5FB8FFFF
251,6_21_2015_16_11_21_24939151,127508,Processed,Battery Status,Unknown Manufacturer,6,255,2,1,8,0x017505FF7FFFFFFF
252,6_21_2015_16_11_21_24939233,127250,Processed,Vessel Heading,Unknown Manufacturer,1,255,2,1,8,0xFF457AFF7FFF7FFD
253,6_21_2015_16_11_21_24939242,127245,Processed,Rudder,Unknown Manufacturer,1,255,2,1,8,0x00F8FF7F5FB8FFFF
254,6_21_2015_16_11_21_24939249,127508,Processed,Battery Status,Unknown Manufacturer,6,255,2,1,8,0x017505FF7FFFFFFF
255,6_21_2015_16_11_21_24939276,127258,Unprocessed,Magnetic Variation,Unknown Manufacturer,9,255,6,1,6,0xFFF2DF404701
256,6_21_2015_16_11_21_24939334,127250,Processed,Vessel Heading,Unknown Manufacturer,1,255,2,1,8,0xFF457AFF7FFF7FFD
257,6_21_2015_16_11_21_24939342,127245,Processed,Rudder,Unknown Manufacturer,1,255,2,1,8,0x00F8FF7F5FB8FFFF
258,6_21_2015_16_11_21_24939350,127508,Processed,Battery Status,Unknown Manufacturer,6,255,2,1,8,0x017505FF7FFFFFFF
259,6_21_2015_16_11_21_24939435,127250,Processed,Vessel Heading,Unknown Manufacturer,1,255,2,1,8,0xFF477AFF7FFF7FFD
260,6_21_2015_16_11_21_24939441,127245,Processed,Rudder,Unknown Manufacturer,1,255,2,1,8,0x00F8FF7F5FB8FFFF
261,6_21_2015_16_11_21_24939449,127508,Processed,Battery Status,Unknown Manufacturer,6,255,2,1,8,0x017505FF7FFFFFFF
262,6_21_2015_16_11_21_24939535,127250,Processed,Vessel Heading,Unknown Manufacturer,1,255,2,1,8,0xFF487AFF7FFF7FFD
263,6_21_2015_16_11_21_24939541,127245,Processed,Rudder,Unknown Manufacturer,1,255,2,1,8,0x00F8FF7F5FB8FFFF
264,6_21_2015_16_11_21_24939548,127508,Processed,Battery Status,Unknown Manufacturer,6,255,2,1,8,0x017505FF7FFFFFFF
265,6_21_2015_16_11_21_24939584,127258,Unprocessed,Magnetic Variation,Unknown Manufacturer,4,255,7,1,6,0xFFF2DF404701
266,6_21_2015_16_11_21_24939592,129284,Processed,Navigation Data,Unknown Manufacturer,4,255,3,0,34,0xFFFFFFFFFF0FFFFFFFFFFFFFFFFFFFFFFFFFFFFFFFFFFFFFFFFFFF7FFFFFFF7FFF7F
267,6_21_2015_16_11_21_24939602,129283,Processed,Cross Track Error,Unknown Manufacturer,4,255,3,1,8,0xFFF0FFFFFF7FFFFF
268,6_21_2015_16_11_22_24939636,127250,Processed,Vessel Heading,Unknown Manufacturer,1,255,2,1,8,0xFF487AFF7FFF7FFD
269,6_21_2015_16_11_22_24939644,127245,Processed,Rudder,Unknown Manufacturer,1,255,2,1,8,0x00F8FF7F5FB8FFFF
270,6_21_2015_16_11_22_24939651,127508,Processed,Battery Status,Unknown Manufacturer,6,255,2,1,8,0x017505FF7FFFFFFF
271,6_21_2015_16_11_22_24939737,127250,Processed,Vessel Heading,Unknown Manufacturer,1,255,2,1,8,0xFF497AFF7FFF7FFD
272,6_21_2015_16_11_22_24939744,127245,Processed,Rudder,Unknown Manufacturer,1,255,2,1,8,0x00F8FF7F5FB8FFFF
273,6_21_2015_16_11_22_24939752,127508,Processed,Battery Status,Unknown Manufacturer,6,255,2,1,8,0x017505FF7FFFFFFF
274,6_21_2015_16_11_22_24939837,127250,Processed,Vessel Heading,Unknown Manufacturer,1,255,2,1,8,0xFF487AFF7FFF7FFD
275,6_21_2015_16_11_22_24939844,127245,Processed,Rudder,Unknown Manufacturer,1,255,2,1,8,0x00F8FF7F5FB8FFFF
276,6_21_2015_16_11_22_24939851,127508,Processed,Battery Status,Unknown Manufacturer,6,255,2,1,8,0x017505FF7FFFFFFF
277,6_21_2015_16_11_22_24939938,127250,Processed,Vessel Heading,Unknown Manufacturer,1,255,2,1,8,0xFF487AFF7FFF7FFD
278,6_21_2015_16_11_22_24939945,127245,Processed,Rudder,Unknown Manufacturer,1,255,2,1,8,0x00F8FF7F5FB8FFFF
279,6_21_2015_16_11_22_24939951,127508,Processed,Battery Status,Unknown Manufacturer,6,255,2,1,8,0x017505FF7FFFFFFF
280,6_21_2015_16_11_22_24940039,127250,Processed,Vessel Heading,Unknown Manufacturer,1,255,2,1,8,0xFF487AFF7FFF7FFD
281,6_21_2015_16_11_22_24940047,127245,Processed,Rudder,Unknown Manufacturer,1,255,2,1,8,0x00F8FF7F5FB8FFFF
282,6_21_2015_16_11_22_24940054,127508,Processed,Battery Status,Unknown Manufacturer,6,255,2,1,8,0x017505FF7FFFFFFF
283,6_21_2015_16_11_22_24940140,127250,Processed,Vessel Heading,Unknown Manufacturer,1,255,2,1,8,0xFF467AFF7FFF7FFD
284,6_21_2015_16_11_22_24940148,127245,Processed,Rudder,Unknown Manufacturer,1,255,2,1,8,0x00F8FF7F5FB8FFFF
285,6_21_2015_16_11_22_24940159,127508,Processed,Battery Status,Unknown Manufacturer,6,255,2,1,8,0x017505FF7FFFFFFF
286,6_21_2015_16_11_22_24940240,127250,Processed,Vessel Heading,Unknown Manufacturer,1,255,2,1,8,0xFF467AFF7FFF7FFD
287,6_21_2015_16_11_22_24940246,127245,Processed,Rudder,Unknown Manufacturer,1,255,2,1,8,0x00F8FF7F5FB8FFFF
288,6_21_2015_16_11_22_24940253,127508,Processed,Battery Status,Unknown Manufacturer,6,255,2,1,8,0x017505FF7FFFFFFF
289,6_21_2015_16_11_22_24940276,127258,Unprocessed,Magnetic Variation,Unknown Manufacturer,9,255,6,1,6,0xFFF2DF404701
290,6_21_2015_16_11_22_24940341,127250,Processed,Vessel Heading,Unknown Manufacturer,1,255,2,1,8,0xFF467AFF7FFF7FFD
291,6_21_2015_16_11_22_24940347,127245,Processed,Rudder,Unknown Manufacturer,1,255,2,1,8,0x00F8FF7F5FB8FFFF
292,6_21_2015_16_11_22_24940354,127508,Processed,Battery Status,Unknown Manufacturer,6,255,2,1,8,0x017505FF7FFFFFFF
293,6_21_2015_16_11_22_24940442,127250,Processed,Vessel Heading,Unknown Manufacturer,1,255,2,1,8,0xFF457AFF7FFF7FFD
294,6_21_2015_16_11_22_24940449,127245,Processed,Rudder,Unknown Manufacturer,1,255,2,1,8,0x00F8FF7F5FB8FFFF
295,6_21_2015_16_11_22_24940455,127508,Processed,Battery Status,Unknown Manufacturer,6,255,2,1,8,0x017505FF7FFFFFFF
296,6_21_2015_16_11_22_24940542,127250,Processed,Vessel Heading,Unknown Manufacturer,1,255,2,1,8,0xFF457AFF7FFF7FFD
297,6_21_2015_16_11_22_24940551,127245,Processed,Rudder,Unknown Manufacturer,1,255,2,1,8,0x00F8FF7F5FB8FFFF
298,6_21_2015_16_11_22_24940557,127508,Processed,Battery Status,Unknown Manufacturer,6,255,2,1,8,0x017505FF7FFFFFFF
299,6_21_2015_16_11_23_24940643,127250,Processed,Vessel Heading,Unknown Manufacturer,1,255,2,1,8,0xFF467AFF7FFF7FFD
300,6_21_2015_16_11_23_24940651,127245,Processed,Rudder,Unknown Manufacturer,1,255,2,1,8,0x00F8FF7F5FB8FFFF
301,6_21_2015_16_11_23_24940659,127508,Processed,Battery Status,Unknown Manufacturer,6,255,2,1,8,0x017505FF7FFFFFFF
302,6_21_2015_16_11_23_24940685,127258,Unprocessed,Magnetic Variation,Unknown Manufacturer,4,255,7,1,6,0xFFF2DF404701
303,6_21_2015_16_11_23_24940691,129284,Processed,Navigation Data,Unknown Manufacturer,4,255,3,0,34,0xFFFFFFFFFF0FFFFFFFFFFFFFFFFFFFFFFFFFFFFFFFFFFFFFFFFFFF7FFFFFFF7FFF7F
304,6_21_2015_16_11_23_24940698,129283,Processed,Cross Track Error,Unknown Manufacturer,4,255,3,1,8,0xFFF0FFFFFF7FFFFF
305,6_21_2015_16_11_23_24940744,127250,Processed,Vessel Heading,Unknown Manufacturer,1,255,2,1,8,0xFF467AFF7FFF7FFD
306,6_21_2015_16_11_23_24940750,127245,Processed,Rudder,Unknown Manufacturer,1,255,2,1,8,0x00F8FF7F5FB8FFFF
307,6_21_2015_16_11_23_24940756,127508,Processed,Battery Status,Unknown Manufacturer,6,255,2,1,8,0x017505FF7FFFFFFF
308,6_21_2015_16_11_23_24940845,127250,Processed,Vessel Heading,Unknown Manufacturer,1,255,2,1,8,0xFF467AFF7FFF7FFD
309,6_21_2015_16_11_23_24940853,127245,Processed,Rudder,Unknown Manufacturer,1,255,2,1,8,0x00F8FF7F5FB8FFFF
310,6_21_2015_16_11_23_24940860,127508,Processed,Battery Status,Unknown Manufacturer,6,255,2,1,8,0x017505FF7FFFFFFF
311,6_21_2015_16_11_23_24940945,127250,Processed,Vessel Heading,Unknown Manufacturer,1,255,2,1,8,0xFF477AFF7FFF7FFD
312,6_21_2015_16_11_23_24940953,127245,Processed,Rudder,Unknown Manufacturer,1,255,2,1,8,0x00F8FF7F5FB8FFFF
313,6_21_2015_16_11_23_24940961,127508,Processed,Battery Status,Unknown Manufacturer,6,255,2,1,8,0x017505FF7FFFFFFF
314,6_21_2015_16_11_23_24941046,127250,Processed,Vessel Heading,Unknown Manufacturer,1,255,2,1,8,0xFF477AFF7FFF7FFD
315,6_21_2015_16_11_23_24941052,127245,Processed,Rudder,Unknown Manufacturer,1,255,2,1,8,0x00F8FF7F5FB8FFFF
316,6_21_2015_16_11_23_24941059,127508,Processed,Battery Status,Unknown Manufacturer,6,255,2,1,8,0x017505FF7FFFFFFF
317,6_21_2015_16_11_23_24941147,127250,Processed,Vessel Heading,Unknown Manufacturer,1,255,2,1,8,0xFF477AFF7FFF7FFD
318,6_21_2015_16_11_23_24941154,127245,Processed,Rudder,Unknown Manufacturer,1,255,2,1,8,0x00F8FF7F5FB8FFFF
319,6_21_2015_16_11_23_24941160,127508,Processed,Battery Status,Unknown Manufacturer,6,255,2,1,8,0x017505FF7FFFFFFF
320,6_21_2015_16_11_23_24941247,127250,Processed,Vessel Heading,Unknown Manufacturer,1,255,2,1,8,0xFF477AFF7FFF7FFD
321,6_21_2015_16_11_23_24941258,127508,Processed,Battery Status,Unknown Manufacturer,6,255,2,1,8,0x017505FF7FFFFFFF
322,6_21_2015_16_11_23_24941265,127245,Processed,Rudder,Unknown Manufacturer,1,255,2,1,8,0x00F8FF7F5FB8FFFF
323,6_21_2015_16_11_23_24941276,127258,Unprocessed,Magnetic Variation,Unknown Manufacturer,9,255,6,1,6,0xFFF2DF404701
324,6_21_2015_16_11_23_24941348,127508,Processed,Battery Status,Unknown Manufacturer,6,255,2,1,8,0x017505FF7FFFFFFF
325,6_21_2015_16_11_23_24941356,127250,Processed,Vessel Heading,Unknown Manufacturer,1,255,2,1,8,0xFF477AFF7FFF7FFD
326,6_21_2015_16_11_23_24941363,127245,Processed,Rudder,Unknown Manufacturer,1,255,2,1,8,0x00F8FF7F5FB8FFFF
327,6_21_2015_16_11_23_24941448,127508,Processed,Battery Status,Unknown Manufacturer,6,255,2,1,8,0x017505FF7FFFFFFF
328,6_21_2015_16_11_23_24941456,127250,Processed,Vessel Heading,Unknown Manufacturer,1,255,2,1,8,0xFF477AFF7FFF7FFD
329,6_21_2015_16_11_23_24941464,127245,Processed,Rudder,Unknown Manufacturer,1,255,2,1,8,0x00F8FF7F5FB8FFFF
330,6_21_2015_16_11_23_24941548,127508,Processed,Battery Status,Unknown Manufacturer,6,255,2,1,8,0x017505FF7FFFFFFF
331,6_21_2015_16_11_23_24941554,127250,Processed,Vessel Heading,Unknown Manufacturer,1,255,2,1,8,0xFF477AFF7FFF7FFD
332,6_21_2015_16_11_23_24941561,127245,Processed,Rudder,Unknown Manufacturer,1,255,2,1,8,0x00F8FF7F5FB8FFFF
333,6_21_2015_16_11_24_24941648,127508,Processed,Battery Status,Unknown Manufacturer,6,255,2,1,8,0x017505FF7FFFFFFF
334,6_21_2015_16_11_24_24941655,127250,Processed,Vessel Heading,Unknown Manufacturer,1,255,2,1,8,0xFF477AFF7FFF7FFD
335,6_21_2015_16_11_24_24941661,127245,Processed,Rudder,Unknown Manufacturer,1,255,2,1,8,0x00F8FF7F5FB8FFFF
336,6_21_2015_16_11_24_24941748,127508,Processed,Battery Status,Unknown Manufacturer,6,255,2,1,8,0x017505FF7FFFFFFF
337,6_21_2015_16_11_24_24941756,127250,Processed,Vessel Heading,Unknown Manufacturer,1,255,2,1,8,0xFF477AFF7FFF7FFD
338,6_21_2015_16_11_24_24941764,127245,Processed,Rudder,Unknown Manufacturer,1,255,2,1,8,0x00F8FF7F5FB8FFFF
339,6_21_2015_16_11_24_24941833,127258,Unprocessed,Magnetic Variation,Unknown Manufacturer,4,255,7,1,6,0xFFF2DF404701
340,6_21_2015_16_11_24_24941840,129284,Processed,Navigation Data,Unknown Manufacturer,4,255,3,0,34,0xFFFFFFFFFF0FFFFFFFFFFFFFFFFFFFFFFFFFFFFFFFFFFFFFFFFFFF7FFFFFFF7FFF7F
341,6_21_2015_16_11_24_24941847,129283,Processed,Cross Track Error,Unknown Manufacturer,4,255,3,1,8,0xFFF0FFFFFF7FFFFF
342,6_21_2015_16_11_24_24941855,127508,Processed,Battery Status,Unknown Manufacturer,6,255,2,1,8,0x017505FF7FFFFFFF
343,6_21_2015_16_11_24_24941862,127250,Processed,Vessel Heading,Unknown Manufacturer,1,255,2,1,8,0xFF467AFF7FFF7FFD
344,6_21_2015_16_11_24_24941870,127245,Processed,Rudder,Unknown Manufacturer,1,255,2,1,8,0x00F8FF7F5FB8FFFF
345,6_21_2015_16_11_24_24941948,127508,Processed,Battery Status,Unknown Manufacturer,6,255,2,1,8,0x017505FF7FFFFFFF
346,6_21_2015_16_11_24_24941955,127250,Processed,Vessel Heading,Unknown Manufacturer,1,255,2,1,8,0xFF477AFF7FFF7FFD
347,6_21_2015_16_11_24_24941963,127245,Processed,Rudder,Unknown Manufacturer,1,255,2,1,8,0x00F8FF7F5FB8FFFF
348,6_21_2015_16_11_24_24942048,127508,Processed,Battery Status,Unknown Manufacturer,6,255,2,1,8,0x017505FF7FFFFFFF
349,6_21_2015_16_11_24_24942055,127250,Processed,Vessel Heading,Unknown Manufacturer,1,255,2,1,8,0xFF477AFF7FFF7FFD
350,6_21_2015_16_11_24_24942063,127245,Processed,Rudder,Unknown Manufacturer,1,255,2,1,8,0x00F8FF7F5FB8FFFF
351,6_21_2015_16_11_24_24942148,127508,Processed,Battery Status,Unknown Manufacturer,6,255,2,1,8,0x017505FF7FFFFFFF
352,6_21_2015_16_11_24_24942155,127250,Processed,Vessel Heading,Unknown Manufacturer,1,255,2,1,8,0xFF477AFF7FFF7FFD
353,6_21_2015_16_11_24_24942163,127245,Processed,Rudder,Unknown Manufacturer,1,255,2,1,8,0x00F8FF7F5FB8FFFF
354,6_21_2015_16_11_24_24942248,127508,Processed,Battery Status,Unknown Manufacturer,6,255,2,1,8,0x017505FF7FFFFFFF
355,6_21_2015_16_11_24_24942255,127250,Processed,Vessel Heading,Unknown Manufacturer,1,255,2,1,8,0xFF487AFF7FFF7FFD
356,6_21_2015_16_11_24_24942267,127245,Processed,Rudder,Unknown Manufacturer,1,255,2,1,8,0x00F8FF7F5FB8FFFF
357,6_21_2015_16_11_24_24942277,127258,Unprocessed,Magnetic Variation,Unknown Manufacturer,9,255,6,1,6,0xFFF2DF404701
358,6_21_2015_16_11_24_24942348,127508,Processed,Battery Status,Unknown Manufacturer,6,255,2,1,8,0x017505FF7FFFFFFF
359,6_21_2015_16_11_24_24942355,127250,Processed,Vessel Heading,Unknown Manufacturer,1,255,2,1,8,0xFF487AFF7FFF7FFD
360,6_21_2015_16_11_24_24942363,127245,Processed,Rudder,Unknown Manufacturer,1,255,2,1,8,0x00F8FF7F5FB8FFFF
361,6_21_2015_16_11_24_24942448,127508,Processed,Battery Status,Unknown Manufacturer,6,255,2,1,8,0x017505FF7FFFFFFF
362,6_21_2015_16_11_24_24942456,127250,Processed,Vessel Heading,Unknown Manufacturer,1,255,2,1,8,0xFF497AFF7FFF7FFD
363,6_21_2015_16_11_24_24942464,127245,Processed,Rudder,Unknown Manufacturer,1,255,2,1,8,0x00F8FF7F5FB8FFFF
364,6_21_2015_16_11_24_24942548,127508,Processed,Battery Status,Unknown Manufacturer,6,255,2,1,8,0x017505FF7FFFFFFF
365,6_21_2015_16_11_24_24942557,127250,Processed,Vessel Heading,Unknown Manufacturer,1,255,2,1,8,0xFF497AFF7FFF7FFD
366,6_21_2015_16_11_24_24942564,127245,Processed,Rudder,Unknown Manufacturer,1,255,2,1,8,0x00F8FF7F5FB8FFFF
367,6_21_2015_16_11_24_24942648,127508,Processed,Battery Status,Unknown Manufacturer,6,255,2,1,8,0x017505FF7FFFFFFF
368,6_21_2015_16_11_24_24942657,127250,Processed,Vessel Heading,Unknown Manufacturer,1,255,2,1,8,0xFF497AFF7FFF7FFD
369,6_21_2015_16_11_24_24942666,127245,Processed,Rudder,Unknown Manufacturer,1,255,2,1,8,0x00F8FF7F5FB8FFFF
370,6_21_2015_16_11_24_24942748,127508,Processed,Battery Status,Unknown Manufacturer,6,255,2,1,8,0x017505FF7FFFFFFF
371,6_21_2015_16_11_24_24942758,127250,Processed,Vessel Heading,Unknown Manufacturer,1,255,2,1,8,0xFF497AFF7FFF7FFD
372,6_21_2015_16_11_24_24942766,127245,Processed,Rudder,Unknown Manufacturer,1,255,2,1,8,0x00F8FF7F5FB8FFFF
373,6_21_2015_16_11_24_24942835,127258,Unprocessed,Magnetic Variation,Unknown Manufacturer,4,255,7,1,6,0xFFF2DF404701
374,6_21_2015_16_11_24_24942842,129284,Processed,Navigation Data,Unknown Manufacturer,4,255,3,0,34,0xFFFFFFFFFF0FFFFFFFFFFFFFFFFFFFFFFFFFFFFFFFFFFFFFFFFFFF7FFFFFFF7FFF7F
375,6_21_2015_16_11_24_24942849,129283,Processed,Cross Track Error,Unknown Manufacturer,4,255,3,1,8,0xFFF0FFFFFF7FFFFF
376,6_21_2015_16_11_24_24942856,127508,Processed,Battery Status,Unknown Manufacturer,6,255,2,1,8,0x017505FF7FFFFFFF
377,6_21_2015_16_11_24_24942863,127250,Processed,Vessel Heading,Unknown Manufacturer,1,255,2,1,8,0xFF4A7AFF7FFF7FFD
378,6_21_2015_16_11_24_24942870,127245,Processed,Rudder,Unknown Manufacturer,1,255,2,1,8,0x00F8FF7F5FB8FFFF
379,6_21_2015_16_11_24_24942948,127508,Processed,Battery Status,Unknown Manufacturer,6,255,2,1,8,0x017505FF7FFFFFFF
380,6_21_2015_16_11_24_24942959,127250,Processed,Vessel Heading,Unknown Manufacturer,1,255,2,1,8,0xFF4A7AFF7FFF7FFD
381,6_21_2015_16_11_24_24942967,127245,Processed,Rudder,Unknown Manufacturer,1,255,2,1,8,0x00F8FF7F5FB8FFFF
382,6_21_2015_16_11_24_24943048,127508,Processed,Battery Status,Unknown Manufacturer,6,255,2,1,8,0x017505FF7FFFFFFF
383,6_21_2015_16_11_24_24943060,127250,Processed,Vessel Heading,Unknown Manufacturer,1,255,2,1,8,0xFF497AFF7FFF7FFD
384,6_21_2015_16_11_24_24943068,127245,Processed,Rudder,Unknown Manufacturer,1,255,2,1,8,0x00F8FF7F5FB8FFFF
385,6_21_2015_16_11_24_24943148,127508,Processed,Battery Status,Unknown Manufacturer,6,255,2,1,8,0x017505FF7FFFFFFF
386,6_21_2015_16_11_24_24943161,127250,Processed,Vessel Heading,Unknown Manufacturer,1,255,2,1,8,0xFF497AFF7FFF7FFD
387,6_21_2015_16_11_24_24943169,127245,Processed,Rudder,Unknown Manufacturer,1,255,2,1,8,0x00F8FF7F5FB8FFFF
388,6_21_2015_16_11_24_24943248,127508,Processed,Battery Status,Unknown Manufacturer,6,255,2,1,8,0x017505FF7FFFFFFF
389,6_21_2015_16_11_24_24943262,127250,Processed,Vessel Heading,Unknown Manufacturer,1,255,2,1,8,0xFF497AFF7FFF7FFD
390,6_21_2015_16_11_24_24943270,127245,Processed,Rudder,Unknown Manufacturer,1,255,2,1,8,0x00F8FF7F5FB8FFFF
391,6_21_2015_16_11_24_24943278,127258,Unprocessed,Magnetic Variation,Unknown Manufacturer,9,255,6,1,6,0xFFF2DF404701
392,6_21_2015_16_11_24_24943348,127508,Processed,Battery Status,Unknown Manufacturer,6,255,2,1,8,0x017505FF7FFFFFFF
393,6_21_2015_16_11_24_24943362,127250,Processed,Vessel Heading,Unknown Manufacturer,1,255,2,1,8,0xFF487AFF7FFF7FFD
394,6_21_2015_16_11_24_24943370,127245,Processed,Rudder,Unknown Manufacturer,1,255,2,1,8,0x00F8FF7F5FB8FFFF
395,6_21_2015_16_11_24_24943448,127508,Processed,Battery Status,Unknown Manufacturer,6,255,2,1,8,0x017505FF7FFFFFFF
396,6_21_2015_16_11_24_24943463,127250,Processed,Vessel Heading,Unknown Manufacturer,1,255,2,1,8,0xFF477AFF7FFF7FFD
397,6_21_2015_16_11_24_24943473,127245,Processed,Rudder,Unknown Manufacturer,1,255,2,1,8,0x00F8FF7F5FB8FFFF
398,6_21_2015_16_11_24_24943548,127508,Processed,Battery Status,Unknown Manufacturer,6,255,2,1,8,0x017505FF7FFFFFFF
399,6_21_2015_16_11_24_24943564,127250,Processed,Vessel Heading,Unknown Manufacturer,1,255,2,1,8,0xFF477AFF7FFF7FFD
400,6_21_2015_16_11_24_24943572,127245,Processed,Rudder,Unknown Manufacturer,1,255,2,1,8,0x00F8FF7F5FB8FFFF
401,6_21_2015_16_11_24_24943648,127508,Processed,Battery Status,Unknown Manufacturer,6,255,2,1,8,0x017505FF7FFFFFFF
402,6_21_2015_16_11_24_24943665,127250,Processed,Vessel Heading,Unknown Manufacturer,1,255,2,1,8,0xFF467AFF7FFF7FFD
403,6_21_2015_16_11_24_24943672,127245,Processed,Rudder,Unknown Manufacturer,1,255,2,1,8,0x00F8FF7F5FB8FFFF
404,6_21_2015_16_11_24_24943748,127508,Processed,Battery Status,Unknown Manufacturer,6,255,2,1,8,0x017505FF7FFFFFFF
405,6_21_2015_16_11_24_24943802,127250,Processed,Vessel Heading,Unknown Manufacturer,1,255,2,1,8,0xFF477AFF7FFF7FFD
406,6_21_2015_16_11_24_24943810,127245,Processed,Rudder,Unknown Manufacturer,1,255,2,1,8,0x00F8FF7F5FB8FFFF
407,6_21_2015_16_11_24_24943848,127508,Processed,Battery Status,Unknown Manufacturer,6,255,2,1,8,0x017505FF7FFFFFFF
408,6_21_2015_16_11_24_24943866,127250,Processed,Vessel Heading,Unknown Manufacturer,1,255,2,1,8,0xFF467AFF7FFF7FFD
409,6_21_2015_16_11_24_24943874,127245,Processed,Rudder,Unknown Manufacturer,1,255,2,1,8,0x00F8FF7F5FB8FFFF
410,6_21_2015_16_11_24_24943905,127258,Unprocessed,Magnetic Variation,Unknown Manufacturer,4,255,7,1,6,0xFFF2DF404701
411,6_21_2015_16_11_24_24943913,129284,Processed,Navigation Data,Unknown Manufacturer,4,255,3,0,34,0xFFFFFFFFFF0FFFFFFFFFFFFFFFFFFFFFFFFFFFFFFFFFFFFFFFFFFF7FFFFFFF7FFF7F
412,6_21_2015_16_11_24_24943919,129283,Processed,Cross Track Error,Unknown Manufacturer,4,255,3,1,8,0xFFF0FFFFFF7FFFFF
413,6_21_2015_16_11_24_24943948,127508,Processed,Battery Status,Unknown Manufacturer,6,255,2,1,8,0x017505FF7FFFFFFF
414,6_21_2015_16_11_24_24943967,127250,Processed,Vessel Heading,Unknown Manufacturer,1,255,2,1,8,0xFF467AFF7FFF7FFD
415,6_21_2015_16_11_24_24943974,127245,Processed,Rudder,Unknown Manufacturer,1,255,2,1,8,0x00F8FF7F5FB8FFFF
416,6_21_2015_16_11_24_24944048,127508,Processed,Battery Status,Unknown Manufacturer,6,255,2,1,8,0x017505FF7FFFFFFF
417,6_21_2015_16_11_24_24944067,127250,Processed,Vessel Heading,Unknown Manufacturer,1,255,2,1,8,0xFF467AFF7FFF7FFD
418,6_21_2015_16_11_24_24944076,127245,Processed,Rudder,Unknown Manufacturer,1,255,2,1,8,0x00F8FF7F5FB8FFFF
419,6_21_2015_16_11_24_24944148,127508,Processed,Battery Status,Unknown Manufacturer,6,255,2,1,8,0x017505FF7FFFFFFF
420,6_21_2015_16_11_24_24944168,127250,Processed,Vessel Heading,Unknown Manufacturer,1,255,2,1,8,0xFF477AFF7FFF7FFD
421,6_21_2015_16_11_24_24944177,127245,Processed,Rudder,Unknown Manufacturer,1,255,2,1,8,0x00F8FF7F5FB8FFFF
422,6_21_2015_16_11_24_24944248,127508,Processed,Battery Status,Unknown Manufacturer,6,255,2,1,8,0x017505FF7FFFFFFF
423,6_21_2015_16_11_24_24944269,127250,Processed,Vessel Heading,Unknown Manufacturer,1,255,2,1,8,0xFF477AFF7FFF7FFD
424,6_21_2015_16_11_24_24944276,127245,Processed,Rudder,Unknown Manufacturer,1,255,2,1,8,0x00F8FF7F5FB8FFFF
425,6_21_2015_16_11_24_24944283,127258,Unprocessed,Magnetic Variation,Unknown Manufacturer,9,255,6,1,6,0xFFF2DF404701
426,6_21_2015_16_11_24_24944348,127508,Processed,Battery Status,Unknown Manufacturer,6,255,2,1,8,0x017505FF7FFFFFFF
427,6_21_2015_16_11_24_24944369,127250,Processed,Vessel Heading,Unknown Manufacturer,1,255,2,1,8,0xFF487AFF7FFF7FFD
428,6_21_2015_16_11_24_24944376,127245,Processed,Rudder,Unknown Manufacturer,1,255,2,1,8,0x00F8FF7F5FB8FFFF
429,6_21_2015_16_11_24_24944448,127508,Processed,Battery Status,Unknown Manufacturer,6,255,2,1,8,0x017505FF7FFFFFFF
430,6_21_2015_16_11_24_24944471,127250,Processed,Vessel Heading,Unknown Manufacturer,1,255,2,1,8,0xFF477AFF7FFF7FFD
431,6_21_2015_16_11_24_24944479,127245,Processed,Rudder,Unknown Manufacturer,1,255,2,1,8,0x00F8FF7F5FB8FFFF
432,6_21_2015_16_11_24_24944548,127508,Processed,Battery Status,Unknown Manufacturer,6,255,2,1,8,0x017505FF7FFFFFFF
433,6_21_2015_16_11_24_24944571,127250,Processed,Vessel Heading,Unknown Manufacturer,1,255,2,1,8,0xFF477AFF7FFF7FFD
434,6_21_2015_16_11_24_24944579,127245,Processed,Rudder,Unknown Manufacturer,1,255,2,1,8,0x00F8FF7F5FB8FFFF
435,6_21_2015_16_11_24_24944648,127508,Processed,Battery Status,Unknown Manufacturer,6,255,2,1,8,0x017505FF7FFFFFFF
436,6_21_2015_16_11_24_24944671,127250,Processed,Vessel Heading,Unknown Manufacturer,1,255,2,1,8,0xFF477AFF7FFF7FFD
437,6_21_2015_16_11_24_24944679,127245,Processed,Rudder,Unknown Manufacturer,1,255,2,1,8,0x00F8FF7F5FB8FFFF
438,6_21_2015_16_11_24_24944748,127508,Processed,Battery Status,Unknown Manufacturer,6,255,2,1,8,0x017505FF7FFFFFFF
439,6_21_2015_16_11_24_24944772,127250,Processed,Vessel Heading,Unknown Manufacturer,1,255,2,1,8,0xFF477AFF7FFF7FFD
440,6_21_2015_16_11_24_24944778,127245,Processed,Rudder,Unknown Manufacturer,1,255,2,1,8,0x00F8FF7F5FB8FFFF
441,6_21_2015_16_11_24_24944882,127508,Processed,Battery Status,Unknown Manufacturer,6,255,2,1,8,0x017505FF7FFFFFFF
442,6_21_2015_16_11_24_24944891,127250,Processed,Vessel Heading,Unknown Manufacturer,1,255,2,1,8,0xFF477AFF7FFF7FFD
443,6_21_2015_16_11_24_24944898,127245,Processed,Rudder,Unknown Manufacturer,1,255,2,1,8,0x00F8FF7F5FB8FFFF
444,6_21_2015_16_11_24_24944948,127508,Processed,Battery Status,Unknown Manufacturer,6,255,2,1,8,0x017505FF7FFFFFFF
445,6_21_2015_16_11_24_24944975,127250,Processed,Vessel Heading,Unknown Manufacturer,1,255,2,1,8,0xFF467AFF7FFF7FFD
446,6_21_2015_16_11_24_24944983,127245,Processed,Rudder,Unknown Manufacturer,1,255,2,1,8,0x00F8FF7F5FB8FFFF
447,6_21_2015_16_11_24_24944990,127258,Unprocessed,Magnetic Variation,Unknown Manufacturer,4,255,7,1,6,0xFFF2DF404701
448,6_21_2015_16_11_24_24944996,129284,Processed,Navigation Data,Unknown Manufacturer,4,255,3,0,34,0xFFFFFFFFFF0FFFFFFFFFFFFFFFFFFFFFFFFFFFFFFFFFFFFFFFFFFF7FFFFFFF7FFF7F
449,6_21_2015_16_11_24_24945004,129283,Processed,Cross Track Error,Unknown Manufacturer,4,255,3,1,8,0xFFF0FFFFFF7FFFFF
450,6_21_2015_16_11_24_24945048,127508,Processed,Battery Status,Unknown Manufacturer,6,255,2,1,8,0x017505FF7FFFFFFF
451,6_21_2015_16_11_24_24945075,127250,Processed,Vessel Heading,Unknown Manufacturer,1,255,2,1,8,0xFF467AFF7FFF7FFD
452,6_21_2015_16_11_24_24945082,127245,Processed,Rudder,Unknown Manufacturer,1,255,2,1,8,0x00F8FF7F5FB8FFFF
453,6_21_2015_16_11_24_24945148,127508,Processed,Battery Status,Unknown Manufacturer,6,255,2,1,8,0x017505FF7FFFFFFF
454,6_21_2015_16_11_24_24945175,127250,Processed,Vessel Heading,Unknown Manufacturer,1,255,2,1,8,0xFF457AFF7FFF7FFD
455,6_21_2015_16_11_24_24945181,127245,Processed,Rudder,Unknown Manufacturer,1,255,2,1,8,0x00F8FF7F5FB8FFFF
456,6_21_2015_16_11_24_24945248,127508,Processed,Battery Status,Unknown Manufacturer,6,255,2,1,8,0x017505FF7FFFFFFF
457,6_21_2015_16_11_24_24945276,127250,Processed,Vessel Heading,Unknown Manufacturer,1,255,2,1,8,0xFF457AFF7FFF7FFD
458,6_21_2015_16_11_24_24945284,127245,Processed,Rudder,Unknown Manufacturer,1,255,2,1,8,0x00F8FF7F5FB8FFFF
459,6_21_2015_16_11_24_24945291,127258,Unprocessed,Magnetic Variation,Unknown Manufacturer,9,255,6,1,6,0xFFF2DF404701
460,6_21_2015_16_11_24_24945348,127508,Processed,Battery Status,Unknown Manufacturer,6,255,2,1,8,0x017505FF7FFFFFFF
461,6_21_2015_16_11_24_24945376,127250,Processed,Vessel Heading,Unknown Manufacturer,1,255,2,1,8,0xFF467AFF7FFF7FFD
462,6_21_2015_16_11_24_24945387,127245,Processed,Rudder,Unknown Manufacturer,1,255,2,1,8,0x00F8FF7F5FB8FFFF
463,6_21_2015_16_11_24_24945448,127508,Processed,Battery Status,Unknown Manufacturer,6,255,2,1,8,0x017505FF7FFFFFFF
464,6_21_2015_16_11_24_24945477,127250,Processed,Vessel Heading,Unknown Manufacturer,1,255,2,1,8,0xFF467AFF7FFF7FFD
465,6_21_2015_16_11_24_24945484,127245,Processed,Rudder,Unknown Manufacturer,1,255,2,1,8,0x00F8FF7F5FB8FFFF
466,6_21_2015_16_11_24_24945548,127508,Processed,Battery Status,Unknown Manufacturer,6,255,2,1,8,0x017505FF7FFFFFFF
467,6_21_2015_16_11_24_24945578,127250,Processed,Vessel Heading,Unknown Manufacturer,1,255,2,1,8,0xFF477AFF7FFF7FFD
468,6_21_2015_16_11_24_24945584,127245,Processed,Rudder,Unknown Manufacturer,1,255,2,1,8,0x00F8FF7F5FB8FFFF
469,6_21_2015_16_11_24_24945648,127508,Processed,Battery Status,Unknown Manufacturer,6,255,2,1,8,0x017505FF7FFFFFFF
470,6_21_2015_16_11_24_24945679,127250,Processed,Vessel Heading,Unknown Manufacturer,1,255,2,1,8,0xFF487AFF7FFF7FFD
471,6_21_2015_16_11_24_24945686,127245,Processed,Rudder,Unknown Manufacturer,1,255,2,1,8,0x00F8FF7F5FB8FFFF
472,6_21_2015_16_11_24_24945748,127508,Processed,Battery Status,Unknown Manufacturer,6,255,2,1,8,0x017505FF7FFFFFFF
473,6_21_2015_16_11_24_24945779,127250,Processed,Vessel Heading,Unknown Manufacturer,1,255,2,1,8,0xFF487AFF7FFF7FFD
474,6_21_2015_16_11_24_24945787,127245,Processed,Rudder,Unknown Manufacturer,1,255,2,1,8,0x00F8FF7F5FB8FFFF
475,6_21_2015_16_11_24_24945848,127508,Processed,Battery Status,Unknown Manufacturer,6,255,2,1,8,0x017505FF7FFFFFFF
476,6_21_2015_16_11_24_24945880,127250,Processed,Vessel Heading,Unknown Manufacturer,1,255,2,1,8,0xFF487AFF7FFF7FFD
477,6_21_2015_16_11_24_24945887,127245,Processed,Rudder,Unknown Manufacturer,1,255,2,1,8,0x00F8FF7F5FB8FFFF
478,6_21_2015_16_11_24_24945948,127508,Processed,Battery Status,Unknown Manufacturer,6,255,2,1,8,0x017505FF7FFFFFFF
479,6_21_2015_16_11_24_24945981,127250,Processed,Vessel Heading,Unknown Manufacturer,1,255,2,1,8,0xFF487AFF7FFF7FFD
480,6_21_2015_16_11_24_24945986,127245,Processed,Rudder,Unknown Manufacturer,1,255,2,1,8,0x00F8FF7F5FB8FFFF
481,6_21_2015_16_11_24_24946048,127508,Processed,Battery Status,Unknown Manufacturer,6,255,2,1,8,0x017505FF7FFFFFFF
482,6_21_2015_16_11_24_24946107,127250,Processed,Vessel Heading,Unknown Manufacturer,1,255,2,1,8,0xFF487AFF7FFF7FFD
483,6_21_2015_16_11_24_24946113,127245,Processed,Rudder,Unknown Manufacturer,1,255,2,1,8,0x00F8FF7F5FB8FFFF
484,6_21_2015_16_11_24_24946148,127508,Processed,Battery Status,Unknown Manufacturer,6,255,2,1,8,0x017505FF7FFFFFFF
485,6_21_2015_16_11_24_24946182,127250,Processed,Vessel Heading,Unknown Manufacturer,1,255,2,1,8,0xFF487AFF7FFF7FFD
486,6_21_2015_16_11_24_24946190,127245,Processed,Rudder,Unknown Manufacturer,1,255,2,1,8,0x00F8FF7F5FB8FFFF
487,6_21_2015_16_11_24_24946248,127508,Processed,Battery Status,Unknown Manufacturer,6,255,2,1,8,0x017505FF7FFFFFFF
488,6_21_2015_16_11_24_24946277,127258,Unprocessed,Magnetic Variation,Unknown Manufacturer,9,255,6,1,6,0xFFFFDF40FF7F
489,6_21_2015_16_11_24_24946285,127250,Processed,Vessel Heading,Unknown Manufacturer,1,255,2,1,8,0xFF487AFF7FFF7FFD
490,6_21_2015_16_11_24_24946293,127245,Processed,Rudder,Unknown Manufacturer,1,255,2,1,8,0x00F8FF7F5FB8FFFF
491,6_21_2015_16_11_24_24946348,127508,Processed,Battery Status,Unknown Manufacturer,6,255,2,1,8,0x017505FF7FFFFFFF
492,6_21_2015_16_11_24_24946383,127250,Processed,Vessel Heading,Unknown Manufacturer,1,255,2,1,8,0xFF477AFF7FFF7FFD
493,6_21_2015_16_11_24_24946392,127245,Processed,Rudder,Unknown Manufacturer,1,255,2,1,8,0x00F8FF7F5FB8FFFF
494,6_21_2015_16_11_24_24946437,129284,Processed,Navigation Data,Unknown Manufacturer,4,255,3,0,34,0xFFFFFFFFFF0FFFFFFFFFFFFFFFFFFFFFFFFFFFFFFFFFFFFFFFFFFF7FFFFFFF7FFF7F
495,6_21_2015_16_11_24_24946443,129283,Processed,Cross Track Error,Unknown Manufacturer,4,255,3,1,8,0xFFFFFFFFFF7FFFFF
496,6_21_2015_16_11_24_24946449,127508,Processed,Battery Status,Unknown Manufacturer,6,255,2,1,8,0x017505FF7FFFFFFF
497,6_21_2015_16_11_24_24946484,127250,Processed,Vessel Heading,Unknown Manufacturer,1,255,2,1,8,0xFF477AFF7FFF7FFD
498,6_21_2015_16_11_24_24946496,127245,Processed,Rudder,Unknown Manufacturer,1,255,2,1,8,0x00F8FF7F5FB8FFFF
499,6_21_2015_16_11_24_24946548,127508,Processed,Battery Status,Unknown Manufacturer,6,255,2,1,8,0x017505FF7FFFFFFF
500,6_21_2015_16_11_24_24946585,127250,Processed,Vessel Heading,Unknown Manufacturer,1,255,2,1,8,0xFF477AFF7FFF7FFD
501,6_21_2015_16_11_24_24946593,127245,Processed,Rudder,Unknown Manufacturer,1,255,2,1,8,0x00F8FF7F5FB8FFFF
502,6_21_2015_16_11_24_24946648,127508,Processed,Battery Status,Unknown Manufacturer,6,255,2,1,8,0x017505FF7FFFFFFF
503,6_21_2015_16_11_24_24946686,127250,Processed,Vessel Heading,Unknown Manufacturer,1,255,2,1,8,0xFF467AFF7FFF7FFD
504,6_21_2015_16_11_24_24946692,127245,Processed,Rudder,Unknown Manufacturer,1,255,2,1,8,0x00F8FF7F5FB8FFFF
505,6_21_2015_16_11_24_24946748,127508,Processed,Battery Status,Unknown Manufacturer,6,255,2,1,8,0x017505FF7FFFFFFF
506,6_21_2015_16_11_24_24946786,127250,Processed,Vessel Heading,Unknown Manufacturer,1,255,2,1,8,0xFF467AFF7FFF7FFD
507,6_21_2015_16_11_24_24946792,127245,Processed,Rudder,Unknown Manufacturer,1,255,2,1,8,0x00F8FF7F5FB8FFFF
508,6_21_2015_16_11_24_24946848,127508,Processed,Battery Status,Unknown Manufacturer,6,255,2,1,8,0x017505FF7FFFFFFF
509,6_21_2015_16_11_24_24946887,127250,Processed,Vessel Heading,Unknown Manufacturer,1,255,2,1,8,0xFF477AFF7FFF7FFD
510,6_21_2015_16_11_24_24946895,127245,Processed,Rudder,Unknown Manufacturer,1,255,2,1,8,0x00F8FF7F5FB8FFFF
511,6_21_2015_16_11_24_24946948,127508,Processed,Battery Status,Unknown Manufacturer,6,255,2,1,8,0x017505FF7FFFFFFF
512,6_21_2015_16_11_24_24946988,127250,Processed,Vessel Heading,Unknown Manufacturer,1,255,2,1,8,0xFF487AFF7FFF7FFD
513,6_21_2015_16_11_24_24946996,127245,Processed,Rudder,Unknown Manufacturer,1,255,2,1,8,0x00F8FF7F5FB8FFFF
514,6_21_2015_16_11_24_24947048,127508,Processed,Battery Status,Unknown Manufacturer,6,255,2,1,8,0x017505FF7FFFFFFF
515,6_21_2015_16_11_24_24947088,127250,Processed,Vessel Heading,Unknown Manufacturer,1,255,2,1,8,0xFF487AFF7FFF7FFD
516,6_21_2015_16_11_24_24947095,127245,Processed,Rudder,Unknown Manufacturer,1,255,2,1,8,0x00F8FF7F5FB8FFFF
517,6_21_2015_16_11_24_24947148,127508,Processed,Battery Status,Unknown Manufacturer,6,255,2,1,8,0x017505FF7FFFFFFF
518,6_21_2015_16_11_24_24947189,127250,Processed,Vessel Heading,Unknown Manufacturer,1,255,2,1,8,0xFF497AFF7FFF7FFD
519,6_21_2015_16_11_24_24947195,127245,Processed,Rudder,Unknown Manufacturer,1,255,2,1,8,0x00F8FF7F5FB8FFFF
520,6_21_2015_16_11_24_24947248,127508,Processed,Battery Status,Unknown Manufacturer,6,255,2,1,8,0x017505FF7FFFFFFF
521,6_21_2015_16_11_24_24947277,127258,Unprocessed,Magnetic Variation,Unknown Manufacturer,9,255,6,1,6,0xFFFFDF40FF7F
522,6_21_2015_16_11_24_24947290,127250,Processed,Vessel Heading,Unknown Manufacturer,1,255,2,1,8,0xFF4A7AFF7FFF7FFD
523,6_21_2015_16_11_24_24947296,127245,Processed,Rudder,Unknown Manufacturer,1,255,2,1,8,0x00F8FF7F5FB8FFFF
524,6_21_2015_16_11_24_24947348,127508,Processed,Battery Status,Unknown Manufacturer,6,255,2,1,8,0x017505FF7FFFFFFF
525,6_21_2015_16_11_24_24947391,127250,Processed,Vessel Heading,Unknown Manufacturer,1,255,2,1,8,0xFF4B7AFF7FFF7FFD
526,6_21_2015_16_11_24_24947398,127245,Processed,Rudder,Unknown Manufacturer,1,255,2,1,8,0x00F8FF7F5FB8FFFF
527,6_21_2015_16_11_24_24947448,127508,Processed,Battery Status,Unknown Manufacturer,6,255,2,1,8,0x017505FF7FFFFFFF
528,6_21_2015_16_11_24_24947491,127250,Processed,Vessel Heading,Unknown Manufacturer,1,255,2,1,8,0xFF4B7AFF7FFF7FFD
529,6_21_2015_16_11_24_24947500,127245,Processed,Rudder,Unknown Manufacturer,1,255,2,1,8,0x00F8FF7F5FB8FFFF
530,6_21_2015_16_11_24_24947548,127508,Processed,Battery Status,Unknown Manufacturer,6,255,2,1,8,0x017505FF7FFFFFFF
531,6_21_2015_16_11_24_24947588,129284,Processed,Navigation Data,Unknown Manufacturer,4,255,3,0,34,0xFFFFFFFFFF0FFFFFFFFFFFFFFFFFFFFFFFFFFFFFFFFFFFFFFFFFFF7FFFFFFF7FFF7F
532,6_21_2015_16_11_24_24947594,127250,Processed,Vessel Heading,Unknown Manufacturer,1,255,2,1,8,0xFF4C7AFF7FFF7FFD
533,6_21_2015_16_11_24_24947602,127245,Processed,Rudder,Unknown Manufacturer,1,255,2,1,8,0x00F8FF7F5FB8FFFF
534,6_21_2015_16_11_24_24947613,129283,Processed,Cross Track Error,Unknown Manufacturer,4,255,3,1,8,0xFFFFFFFFFF7FFFFF
535,6_21_2015_16_11_24_24947648,127508,Processed,Battery Status,Unknown Manufacturer,6,255,2,1,8,0x017505FF7FFFFFFF
536,6_21_2015_16_11_24_24947693,127250,Processed,Vessel Heading,Unknown Manufacturer,1,255,2,1,8,0xFF4C7AFF7FFF7FFD
537,6_21_2015_16_11_24_24947701,127245,Processed,Rudder,Unknown Manufacturer,1,255,2,1,8,0x00F8FF7F5FB8FFFF
538,6_21_2015_16_11_24_24947748,127508,Processed,Battery Status,Unknown Manufacturer,6,255,2,1,8,0x017505FF7FFFFFFF
539,6_21_2015_16_11_24_24947793,127250,Processed,Vessel Heading,Unknown Manufacturer,1,255,2,1,8,0xFF4C7AFF7FFF7FFD
540,6_21_2015_16_11_24_24947799,127245,Processed,Rudder,Unknown Manufacturer,1,255,2,1,8,0x00F8FF7F5FB8FFFF
541,6_21_2015_16_11_24_24947848,127508,Processed,Battery Status,Unknown Manufacturer,6,255,2,1,8,0x017505FF7FFFFFFF
542,6_21_2015_16_11_24_24947894,127250,Processed,Vessel Heading,Unknown Manufacturer,1,255,2,1,8,0xFF4C7AFF7FFF7FFD
543,6_21_2015_16_11_24_24947900,127245,Processed,Rudder,Unknown Manufacturer,1,255,2,1,8,0x00F8FF7F5FB8FFFF
544,6_21_2015_16_11_24_24947948,127508,Processed,Battery Status,Unknown Manufacturer,6,255,2,1,8,0x017505FF7FFFFFFF
545,6_21_2015_16_11_24_24947995,127250,Processed,Vessel Heading,Unknown Manufacturer,1,255,2,1,8,0xFF4C7AFF7FFF7FFD
546,6_21_2015_16_11_24_24948002,127245,Processed,Rudder,Unknown Manufacturer,1,255,2,1,8,0x00F8FF7F5FB8FFFF
547,6_21_2015_16_11_24_24948048,127508,Processed,Battery Status,Unknown Manufacturer,6,255,2,1,8,0x017505FF7FFFFFFF
548,6_21_2015_16_11_24_24948107,127250,Processed,Vessel Heading,Unknown Manufacturer,1,255,2,1,8,0xFF4C7AFF7FFF7FFD
549,6_21_2015_16_11_24_24948115,127245,Processed,Rudder,Unknown Manufacturer,1,255,2,1,8,0x00F8FF7F5FB8FFFF
550,6_21_2015_16_11_24_24948148,127508,Processed,Battery Status,Unknown Manufacturer,6,255,2,1,8,0x017505FF7FFFFFFF
551,6_21_2015_16_11_24_24948196,127250,Processed,Vessel Heading,Unknown Manufacturer,1,255,2,1,8,0xFF4C7AFF7FFF7FFD
552,6_21_2015_16_11_24_24948214,127245,Processed,Rudder,Unknown Manufacturer,1,255,2,1,8,0x00F8FF7F5FB8FFFF
553,6_21_2015_16_11_24_24948248,127508,Processed,Battery Status,Unknown Manufacturer,6,255,2,1,8,0x017505FF7FFFFFFF
554,6_21_2015_16_11_24_24948277,127258,Unprocessed,Magnetic Variation,Unknown Manufacturer,9,255,6,1,6,0xFFFFDF40FF7F
555,6_21_2015_16_11_24_24948297,127250,Processed,Vessel Heading,Unknown Manufacturer,1,255,2,1,8,0xFF4C7AFF7FFF7FFD
556,6_21_2015_16_11_24_24948304,127245,Processed,Rudder,Unknown Manufacturer,1,255,2,1,8,0x00F8FF7F5FB8FFFF
557,6_21_2015_16_11_24_24948348,127508,Processed,Battery Status,Unknown Manufacturer,6,255,2,1,8,0x017505FF7FFFFFFF
558,6_21_2015_16_11_24_24948398,127250,Processed,Vessel Heading,Unknown Manufacturer,1,255,2,1,8,0xFF4C7AFF7FFF7FFD
559,6_21_2015_16_11_24_24948403,127245,Processed,Rudder,Unknown Manufacturer,1,255,2,1,8,0x00F8FF7F5FB8FFFF
560,6_21_2015_16_11_24_24948448,127508,Processed,Battery Status,Unknown Manufacturer,6,255,2,1,8,0x017505FF7FFFFFFF
561,6_21_2015_16_11_24_24948498,127250,Processed,Vessel Heading,Unknown Manufacturer,1,255,2,1,8,0xFF4D7AFF7FFF7FFD
562,6_21_2015_16_11_24_24948505,127245,Processed,Rudder,Unknown Manufacturer,1,255,2,1,8,0x00F8FF7F5FB8FFFF
563,6_21_2015_16_11_24_24948548,127508,Processed,Battery Status,Unknown Manufacturer,6,255,2,1,8,0x017505FF7FFFFFFF
564,6_21_2015_16_11_24_24948599,127250,Processed,Vessel Heading,Unknown Manufacturer,1,255,2,1,8,0xFF4E7AFF7FFF7FFD
565,6_21_2015_16_11_24_24948607,127245,Processed,Rudder,Unknown Manufacturer,1,255,2,1,8,0x00F8FF7F5FB8FFFF
566,6_21_2015_16_11_24_24948648,127508,Processed,Battery Status,Unknown Manufacturer,6,255,2,1,8,0x017505FF7FFFFFFF
567,6_21_2015_16_11_24_24948700,127250,Processed,Vessel Heading,Unknown Manufacturer,1,255,2,1,8,0xFF4E7AFF7FFF7FFD
568,6_21_2015_16_11_24_24948707,127245,Processed,Rudder,Unknown Manufacturer,1,255,2,1,8,0x00F8FF7F5FB8FFFF
569,6_21_2015_16_11_24_24948748,127508,Processed,Battery Status,Unknown Manufacturer,6,255,2,1,8,0x017505FF7FFFFFFF
570,6_21_2015_16_11_24_24948800,127250,Processed,Vessel Heading,Unknown Manufacturer,1,255,2,1,8,0xFF4F7AFF7FFF7FFD
571,6_21_2015_16_11_24_24948806,127245,Processed,Rudder,Unknown Manufacturer,1,255,2,1,8,0x00F8FF7F5FB8FFFF
572,6_21_2015_16_11_24_24948848,127508,Processed,Battery Status,Unknown Manufacturer,6,255,2,1,8,0x017505FF7FFFFFFF
573,6_21_2015_16_11_24_24948888,129284,Processed,Navigation Data,Unknown Manufacturer,4,255,3,0,34,0xFFFFFFFFFF0FFFFFFFFFFFFFFFFFFFFFFFFFFFFFFFFFFFFFFFFFFF7FFFFFFF7FFF7F
574,6_21_2015_16_11_24_24948895,129283,Processed,Cross Track Error,Unknown Manufacturer,4,255,3,1,8,0xFFFFFFFFFF7FFFFF
575,6_21_2015_16_11_24_24948901,127250,Processed,Vessel Heading,Unknown Manufacturer,1,255,2,1,8,0xFF4F7AFF7FFF7FFD
576,6_21_2015_16_11_24_24948908,127245,Processed,Rudder,Unknown Manufacturer,1,255,2,1,8,0x00F8FF7F5FB8FFFF
577,6_21_2015_16_11_24_24948948,127508,Processed,Battery Status,Unknown Manufacturer,6,255,2,1,8,0x017505FF7FFFFFFF
578,6_21_2015_16_11_24_24949002,127250,Processed,Vessel Heading,Unknown Manufacturer,1,255,2,1,8,0xFF4F7AFF7FFF7FFD
579,6_21_2015_16_11_24_24949008,127245,Processed,Rudder,Unknown Manufacturer,1,255,2,1,8,0x00F8FF7F5FB8FFFF
580,6_21_2015_16_11_24_24949048,127508,Processed,Battery Status,Unknown Manufacturer,6,255,2,1,8,0x017505FF7FFFFFFF
581,6_21_2015_16_11_24_24949103,127250,Processed,Vessel Heading,Unknown Manufacturer,1,255,2,1,8,0xFF4F7AFF7FFF7FFD
582,6_21_2015_16_11_24_24949109,127245,Processed,Rudder,Unknown Manufacturer,1,255,2,1,8,0x00F8FF7F5FB8FFFF
583,6_21_2015_16_11_24_24949148,127508,Processed,Battery Status,Unknown Manufacturer,6,255,2,1,8,0x017505FF7FFFFFFF
584,6_21_2015_16_11_24_24949203,127250,Processed,Vessel Heading,Unknown Manufacturer,1,255,2,1,8,0xFF4F7AFF7FFF7FFD
585,6_21_2015_16_11_24_24949211,127245,Processed,Rudder,Unknown Manufacturer,1,255,2,1,8,0x00F8FF7F5FB8FFFF
586,6_21_2015_16_11_24_24949248,127508,Processed,Battery Status,Unknown Manufacturer,6,255,2,1,8,0x017505FF7FFFFFFF
587,6_21_2015_16_11_24_24949277,127258,Unprocessed,Magnetic Variation,Unknown Manufacturer,9,255,6,1,6,0xFFFFDF40FF7F
588,6_21_2015_16_11_24_24949304,127250,Processed,Vessel Heading,Unknown Manufacturer,1,255,2,1,8,0xFF4F7AFF7FFF7FFD
589,6_21_2015_16_11_24_24949312,127245,Processed,Rudder,Unknown Manufacturer,1,255,2,1,8,0x00F8FF7F5FB8FFFF
590,6_21_2015_16_11_24_24949348,127508,Processed,Battery Status,Unknown Manufacturer,6,255,2,1,8,0x017505FF7FFFFFFF
591,6_21_2015_16_11_24_24949405,127250,Processed,Vessel Heading,Unknown Manufacturer,1,255,2,1,8,0xFF4F7AFF7FFF7FFD
592,6_21_2015_16_11_24_24949412,127245,Processed,Rudder,Unknown Manufacturer,1,255,2,1,8,0x00F8FF7F5FB8FFFF
593,6_21_2015_16_11_24_24949449,127508,Processed,Battery Status,Unknown Manufacturer,6,255,2,1,8,0x017505FF7FFFFFFF
594,6_21_2015_16_11_24_24949505,127250,Processed,Vessel Heading,Unknown Manufacturer,1,255,2,1,8,0xFF4F7AFF7FFF7FFD
595,6_21_2015_16_11_24_24949511,127245,Processed,Rudder,Unknown Manufacturer,1,255,2,1,8,0x00F8FF7F5FB8FFFF
596,6_21_2015_16_11_24_24949548,127508,Processed,Battery Status,Unknown Manufacturer,6,255,2,1,8,0x017505FF7FFFFFFF
597,6_21_2015_16_11_24_24949606,127250,Processed,Vessel Heading,Unknown Manufacturer,1,255,2,1,8,0xFF4F7AFF7FFF7FFD
598,6_21_2015_16_11_24_24949613,127245,Processed,Rudder,Unknown Manufacturer,1,255,2,1,8,0x00F8FF7F5FB8FFFF
599,6_21_2015_16_11_24_24949648,127508,Processed,Battery Status,Unknown Manufacturer,6,255,2,1,8,0x017505FF7FFFFFFF
600,6_21_2015_16_11_24_24949707,127250,Processed,Vessel Heading,Unknown Manufacturer,1,255,2,1,8,0xFF507AFF7FFF7FFD
601,6_21_2015_16_11_24_24949715,127245,Processed,Rudder,Unknown Manufacturer,1,255,2,1,8,0x00F8FF7F5FB8FFFF
602,6_21_2015_16_11_24_24949748,127508,Processed,Battery Status,Unknown Manufacturer,6,255,2,1,8,0x017505FF7FFFFFFF
603,6_21_2015_16_11_24_24949808,127250,Processed,Vessel Heading,Unknown Manufacturer,1,255,2,1,8,0xFF507AFF7FFF7FFD
604,6_21_2015_16_11_24_24949815,127245,Processed,Rudder,Unknown Manufacturer,1,255,2,1,8,0x00F8FF7F5FB8FFFF
605,6_21_2015_16_11_24_24949848,127508,Processed,Battery Status,Unknown Manufacturer,6,255,2,1,8,0x017505FF7FFFFFFF
606,6_21_2015_16_11_24_24949908,127250,Processed,Vessel Heading,Unknown Manufacturer,1,255,2,1,8,0xFF517AFF7FFF7FFD
607,6_21_2015_16_11_24_24949914,127245,Processed,Rudder,Unknown Manufacturer,1,255,2,1,8,0x00F8FF7F5FB8FFFF
608,6_21_2015_16_11_24_24949948,127508,Processed,Battery Status,Unknown Manufacturer,6,255,2,1,8,0x017505FF7FFFFFFF
609,6_21_2015_16_11_24_24950009,127250,Processed,Vessel Heading,Unknown Manufacturer,1,255,2,1,8,0xFF527AFF7FFF7FFD
610,6_21_2015_16_11_24_24950016,127245,Processed,Rudder,Unknown Manufacturer,1,255,2,1,8,0x00F8FF7F5FB8FFFF
611,6_21_2015_16_11_24_24950048,127508,Processed,Battery Status,Unknown Manufacturer,6,255,2,1,8,0x017505FF7FFFFFFF
612,6_21_2015_16_11_24_24950091,129284,Processed,Navigation Data,Unknown Manufacturer,4,255,3,0,34,0xFFFFFFFFFF0FFFFFFFFFFFFFFFFFFFFFFFFFFFFFFFFFFFFFFFFFFF7FFFFFFF7FFF7F
613,6_21_2015_16_11_24_24950100,129283,Processed,Cross Track Error,Unknown Manufacturer,4,255,3,1,8,0xFFFFFFFFFF7FFFFF
614,6_21_2015_16_11_24_24950117,127250,Processed,Vessel Heading,Unknown Manufacturer,1,255,2,1,8,0xFF537AFF7FFF7FFD
615,6_21_2015_16_11_24_24950123,127245,Processed,Rudder,Unknown Manufacturer,1,255,2,1,8,0x00F8FF7F5FB8FFFF
616,6_21_2015_16_11_24_24950148,127508,Processed,Battery Status,Unknown Manufacturer,6,255,2,1,8,0x017505FF7FFFFFFF
617,6_21_2015_16_11_24_24950210,127250,Processed,Vessel Heading,Unknown Manufacturer,1,255,2,1,8,0xFF527AFF7FFF7FFD
618,6_21_2015_16_11_24_24950217,127245,Processed,Rudder,Unknown Manufacturer,1,255,2,1,8,0x00F8FF7F5FB8FFFF
619,6_21_2015_16_11_24_24950248,127508,Processed,Battery Status,Unknown Manufacturer,6,255,2,1,8,0x017505FF7FFFFFFF
620,6_21_2015_16_11_24_24950277,127258,Unprocessed,Magnetic Variation,Unknown Manufacturer,9,255,6,1,6,0xFFFFDF40FF7F
621,6_21_2015_16_11_24_24950311,127250,Processed,Vessel Heading,Unknown Manufacturer,1,255,2,1,8,0xFF527AFF7FFF7FFD
622,6_21_2015_16_11_24_24950318,127245,Processed,Rudder,Unknown Manufacturer,1,255,2,1,8,0x00F8FF7F5FB8FFFF
623,6_21_2015_16_11_24_24950348,127508,Processed,Battery Status,Unknown Manufacturer,6,255,2,1,8,0x017505FF7FFFFFFF
624,6_21_2015_16_11_24_24950412,127250,Processed,Vessel Heading,Unknown Manufacturer,1,255,2,1,8,0xFF527AFF7FFF7FFD
625,6_21_2015_16_11_24_24950419,127245,Processed,Rudder,Unknown Manufacturer,1,255,2,1,8,0x00F8FF7F5FB8FFFF
626,6_21_2015_16_11_24_24950448,127508,Processed,Battery Status,Unknown Manufacturer,6,255,2,1,8,0x017505FF7FFFFFFF
627,6_21_2015_16_11_24_24950513,127250,Processed,Vessel Heading,Unknown Manufacturer,1,255,2,1,8,0xFF537AFF7FFF7FFD
628,6_21_2015_16_11_24_24950520,127245,Processed,Rudder,Unknown Manufacturer,1,255,2,1,8,0x00F8FF7F5FB8FFFF
629,6_21_2015_16_11_24_24950548,127508,Processed,Battery Status,Unknown Manufacturer,6,255,2,1,8,0x017505FF7FFFFFFF
630,6_21_2015_16_11_24_24950613,127250,Processed,Vessel Heading,Unknown Manufacturer,1,255,2,1,8,0xFF537AFF7FFF7FFD
631,6_21_2015_16_11_24_24950620,127245,Processed,Rudder,Unknown Manufacturer,1,255,2,1,8,0x00F8FF7F5FB8FFFF
632,6_21_2015_16_11_24_24950648,127508,Processed,Battery Status,Unknown Manufacturer,6,255,2,1,8,0x017505FF7FFFFFFF
633,6_21_2015_16_11_24_24950714,127250,Processed,Vessel Heading,Unknown Manufacturer,1,255,2,1,8,0xFF537AFF7FFF7FFD
634,6_21_2015_16_11_24_24950721,127245,Processed,Rudder,Unknown Manufacturer,1,255,2,1,8,0x00F8FF7F5FB8FFFF
635,6_21_2015_16_11_24_24950748,127508,Processed,Battery Status,Unknown Manufacturer,6,255,2,1,8,0x017505FF7FFFFFFF
636,6_21_2015_16_11_24_24950815,127250,Processed,Vessel Heading,Unknown Manufacturer,1,255,2,1,8,0xFF537AFF7FFF7FFD
637,6_21_2015_16_11_24_24950822,127245,Processed,Rudder,Unknown Manufacturer,1,255,2,1,8,0x00F8FF7F5FB8FFFF
638,6_21_2015_16_11_24_24950848,127508,Processed,Battery Status,Unknown Manufacturer,6,255,2,1,8,0x017505FF7FFFFFFF
639,6_21_2015_16_11_24_24950915,127250,Processed,Vessel Heading,Unknown Manufacturer,1,255,2,1,8,0xFF537AFF7FFF7FFD
640,6_21_2015_16_11_24_24950923,127245,Processed,Rudder,Unknown Manufacturer,1,255,2,1,8,0x00F8FF7F5FB8FFFF
641,6_21_2015_16_11_24_24950948,127508,Processed,Battery Status,Unknown Manufacturer,6,255,2,1,8,0x017505FF7FFFFFFF
642,6_21_2015_16_11_24_24951016,127250,Processed,Vessel Heading,Unknown Manufacturer,1,255,2,1,8,0xFF537AFF7FFF7FFD
643,6_21_2015_16_11_24_24951023,127245,Processed,Rudder,Unknown Manufacturer,1,255,2,1,8,0x00F8FF7F5FB8FFFF
644,6_21_2015_16_11_24_24951048,127508,Processed,Battery Status,Unknown Manufacturer,6,255,2,1,8,0x017505FF7FFFFFFF
645,6_21_2015_16_11_24_24951117,127250,Processed,Vessel Heading,Unknown Manufacturer,1,255,2,1,8,0xFF547AFF7FFF7FFD
646,6_21_2015_16_11_24_24951124,127245,Processed,Rudder,Unknown Manufacturer,1,255,2,1,8,0x00F8FF7F5FB8FFFF
647,6_21_2015_16_11_24_24951148,127508,Processed,Battery Status,Unknown Manufacturer,6,255,2,1,8,0x017505FF7FFFFFFF
648,6_21_2015_16_11_24_24951217,127250,Processed,Vessel Heading,Unknown Manufacturer,1,255,2,1,8,0xFF547AFF7FFF7FFD
649,6_21_2015_16_11_24_24951224,127245,Processed,Rudder,Unknown Manufacturer,1,255,2,1,8,0x00F8FF7F5FB8FFFF
650,6_21_2015_16_11_24_24951248,127508,Processed,Battery Status,Unknown Manufacturer,6,255,2,1,8,0x017505FF7FFFFFFF
651,6_21_2015_16_11_24_24951277,127258,Unprocessed,Magnetic Variation,Unknown Manufacturer,9,255,6,1,6,0xFFFFDF40FF7F
652,6_21_2015_16_11_24_24951318,127250,Processed,Vessel Heading,Unknown Manufacturer,1,255,2,1,8,0xFF557AFF7FFF7FFD
653,6_21_2015_16_11_24_24951326,127245,Processed,Rudder,Unknown Manufacturer,1,255,2,1,8,0x00F8FF7F5FB8FFFF
654,6_21_2015_16_11_24_24951348,127508,Processed,Battery Status,Unknown Manufacturer,6,255,2,1,8,0x017505FF7FFFFFFF
655,6_21_2015_16_11_24_24951405,129284,Processed,Navigation Data,Unknown Manufacturer,4,255,3,0,34,0xFFFFFFFFFF0FFFFFFFFFFFFFFFFFFFFFFFFFFFFFFFFFFFFFFFFFFF7FFFFFFF7FFF7F
656,6_21_2015_16_11_24_24951412,129283,Processed,Cross Track Error,Unknown Manufacturer,4,255,3,1,8,0xFFFFFFFFFF7FFFFF
657,6_21_2015_16_11_24_24951419,127250,Processed,Vessel Heading,Unknown Manufacturer,1,255,2,1,8,0xFF557AFF7FFF7FFD
658,6_21_2015_16_11_24_24951425,127245,Processed,Rudder,Unknown Manufacturer,1,255,2,1,8,0x00F8FF7F5FB8FFFF
659,6_21_2015_16_11_24_24951448,127508,Processed,Battery Status,Unknown Manufacturer,6,255,2,1,8,0x017505FF7FFFFFFF
660,6_21_2015_16_11_24_24951520,127250,Processed,Vessel Heading,Unknown Manufacturer,1,255,2,1,8,0xFF557AFF7FFF7FFD
661,6_21_2015_16_11_24_24951527,127245,Processed,Rudder,Unknown Manufacturer,1,255,2,1,8,0x00F8FF7F5FB8FFFF
662,6_21_2015_16_11_24_24951548,127508,Processed,Battery Status,Unknown Manufacturer,6,255,2,1,8,0x017505FF7FFFFFFF
663,6_21_2015_16_11_34_24951620,127250,Processed,Vessel Heading,Unknown Manufacturer,1,255,2,1,8,0xFF567AFF7FFF7FFD
664,6_21_2015_16_11_34_24951627,127245,Processed,Rudder,Unknown Manufacturer,1,255,2,1,8,0x00F8FF7F5FB8FFFF
665,6_21_2015_16_11_34_24951648,127508,Processed,Battery Status,Unknown Manufacturer,6,255,2,1,8,0x017505FF7FFFFFFF
666,6_21_2015_16_11_34_24951721,127250,Processed,Vessel Heading,Unknown Manufacturer,1,255,2,1,8,0xFF567AFF7FFF7FFD
667,6_21_2015_16_11_34_24951728,127245,Processed,Rudder,Unknown Manufacturer,1,255,2,1,8,0x00F8FF7F5FB8FFFF
668,6_21_2015_16_11_34_24951748,127508,Processed,Battery Status,Unknown Manufacturer,6,255,2,1,8,0x017505FF7FFFFFFF
669,6_21_2015_16_11_34_24951822,127250,Processed,Vessel Heading,Unknown Manufacturer,1,255,2,1,8,0xFF567AFF7FFF7FFD
670,6_21_2015_16_11_34_24951829,127245,Processed,Rudder,Unknown Manufacturer,1,255,2,1,8,0x00F8FF7F5FB8FFFF
671,6_21_2015_16_11_34_24951848,127508,Processed,Battery Status,Unknown Manufacturer,6,255,2,1,8,0x017505FF7FFFFFFF
672,6_21_2015_16_11_34_24951922,127250,Processed,Vessel Heading,Unknown Manufacturer,1,255,2,1,8,0xFF567AFF7FFF7FFD
673,6_21_2015_16_11_34_24951929,127245,Processed,Rudder,Unknown Manufacturer,1,255,2,1,8,0x00F8FF7F5FB8FFFF
674,6_21_2015_16_11_34_24951948,127508,Processed,Battery Status,Unknown Manufacturer,6,255,2,1,8,0x017505FF7FFFFFFF
675,6_21_2015_16_11_34_24952023,127250,Processed,Vessel Heading,Unknown Manufacturer,1,255,2,1,8,0xFF567AFF7FFF7FFD
676,6_21_2015_16_11_34_24952033,127245,Processed,Rudder,Unknown Manufacturer,1,255,2,1,8,0x00F8FF7F5FB8FFFF
677,6_21_2015_16_11_34_24952048,127508,Processed,Battery Status,Unknown Manufacturer,6,255,2,1,8,0x017505FF7FFFFFFF
678,6_21_2015_16_11_35_24952124,127250,Processed,Vessel Heading,Unknown Manufacturer,1,255,2,1,8,0xFF557AFF7FFF7FFD
679,6_21_2015_16_11_35_24952131,127245,Processed,Rudder,Unknown Manufacturer,1,255,2,1,8,0x00F8FF7F5FB8FFFF
680,6_21_2015_16_11_35_24952148,127508,Processed,Battery Status,Unknown Manufacturer,6,255,2,1,8,0x017505FF7FFFFFFF
681,6_21_2015_16_11_35_24952225,127250,Processed,Vessel Heading,Unknown Manufacturer,1,255,2,1,8,0xFF557AFF7FFF7FFD
682,6_21_2015_16_11_35_24952231,127245,Processed,Rudder,Unknown Manufacturer,1,255,2,1,8,0x00F8FF7F5FB8FFFF
683,6_21_2015_16_11_35_24952248,127508,Processed,Battery Status,Unknown Manufacturer,6,255,2,1,8,0x017505FF7FFFFFFF
684,6_21_2015_16_11_35_24952277,127258,Unprocessed,Magnetic Variation,Unknown Manufacturer,9,255,6,1,6,0xFFFFDF40FF7F
685,6_21_2015_16_11_35_24952325,127250,Processed,Vessel Heading,Unknown Manufacturer,1,255,2,1,8,0xFF557AFF7FFF7FFD
686,6_21_2015_16_11_35_24952332,127245,Processed,Rudder,Unknown Manufacturer,1,255,2,1,8,0x00F8FF7F5FB8FFFF
687,6_21_2015_16_11_35_24952348,127508,Processed,Battery Status,Unknown Manufacturer,6,255,2,1,8,0x017505FF7FFFFFFF
688,6_21_2015_16_11_35_24952426,127250,Processed,Vessel Heading,Unknown Manufacturer,1,255,2,1,8,0xFF557AFF7FFF7FFD
689,6_21_2015_16_11_35_24952433,127245,Processed,Rudder,Unknown Manufacturer,1,255,2,1,8,0x00F8FF7F5FB8FFFF
690,6_21_2015_16_11_35_24952448,127508,Processed,Battery Status,Unknown Manufacturer,6,255,2,1,8,0x017505FF7FFFFFFF
691,6_21_2015_16_11_35_24952527,127250,Processed,Vessel Heading,Unknown Manufacturer,1,255,2,1,8,0xFF567AFF7FFF7FFD
692,6_21_2015_16_11_35_24952534,127245,Processed,Rudder,Unknown Manufacturer,1,255,2,1,8,0x00F8FF7F5FB8FFFF
693,6_21_2015_16_11_35_24952548,127508,Processed,Battery Status,Unknown Manufacturer,6,255,2,1,8,0x017505FF7FFFFFFF
694,6_21_2015_16_11_35_24952627,127250,Processed,Vessel Heading,Unknown Manufacturer,1,255,2,1,8,0xFF567AFF7FFF7FFD
695,6_21_2015_16_11_35_24952634,127245,Processed,Rudder,Unknown Manufacturer,1,255,2,1,8,0x00F8FF7F5FB8FFFF
696,6_21_2015_16_11_35_24952640,129284,Processed,Navigation Data,Unknown Manufacturer,4,255,3,0,34,0xFFFFFFFFFF0FFFFFFFFFFFFFFFFFFFFFFFFFFFFFFFFFFFFFFFFFFF7FFFFFFF7FFF7F
697,6_21_2015_16_11_35_24952647,129283,Processed,Cross Track Error,Unknown Manufacturer,4,255,3,1,8,0xFFFFFFFFFF7FFFFF
698,6_21_2015_16_11_35_24952655,127508,Processed,Battery Status,Unknown Manufacturer,6,255,2,1,8,0x017505FF7FFFFFFF
699,6_21_2015_16_11_35_24952728,127250,Processed,Vessel Heading,Unknown Manufacturer,1,255,2,1,8,0xFF557AFF7FFF7FFD
700,6_21_2015_16_11_35_24952734,127245,Processed,Rudder,Unknown Manufacturer,1,255,2,1,8,0x00F8FF7F5FB8FFFF
701,6_21_2015_16_11_35_24952748,127508,Processed,Battery Status,Unknown Manufacturer,6,255,2,1,8,0x017505FF7FFFFFFF
702,6_21_2015_16_11_35_24952829,127250,Processed,Vessel Heading,Unknown Manufacturer,1,255,2,1,8,0xFF567AFF7FFF7FFD
703,6_21_2015_16_11_35_24952836,127245,Processed,Rudder,Unknown Manufacturer,1,255,2,1,8,0x00F8FF7F5FB8FFFF
704,6_21_2015_16_11_35_24952848,127508,Processed,Battery Status,Unknown Manufacturer,6,255,2,1,8,0x017505FF7FFFFFFF
705,6_21_2015_16_11_35_24952930,127250,Processed,Vessel Heading,Unknown Manufacturer,1,255,2,1,8,0xFF567AFF7FFF7FFD
706,6_21_2015_16_11_35_24952938,127245,Processed,Rudder,Unknown Manufacturer,1,255,2,1,8,0x00F8FF7F5FB8FFFF
707,6_21_2015_16_11_35_24952948,127508,Processed,Battery Status,Unknown Manufacturer,6,255,2,1,8,0x017505FF7FFFFFFF
708,6_21_2015_16_11_35_24953030,127250,Processed,Vessel Heading,Unknown Manufacturer,1,255,2,1,8,0xFF577AFF7FFF7FFD
709,6_21_2015_16_11_35_24953037,127245,Processed,Rudder,Unknown Manufacturer,1,255,2,1,8,0x00F8FF7F5FB8FFFF
710,6_21_2015_16_11_35_24953048,127508,Processed,Battery Status,Unknown Manufacturer,6,255,2,1,8,0x017505FF7FFFFFFF
711,6_21_2015_16_11_36_24953131,127250,Processed,Vessel Heading,Unknown Manufacturer,1,255,2,1,8,0xFF587AFF7FFF7FFD
712,6_21_2015_16_11_36_24953140,127245,Processed,Rudder,Unknown Manufacturer,1,255,2,1,8,0x00F8FF7F5FB8FFFF
713,6_21_2015_16_11_36_24953148,127508,Processed,Battery Status,Unknown Manufacturer,6,255,2,1,8,0x017505FF7FFFFFFF
714,6_21_2015_16_11_36_24953232,127250,Processed,Vessel Heading,Unknown Manufacturer,1,255,2,1,8,0xFF587AFF7FFF7FFD
715,6_21_2015_16_11_36_24953238,127245,Processed,Rudder,Unknown Manufacturer,1,255,2,1,8,0x00F8FF7F5FB8FFFF
716,6_21_2015_16_11_36_24953248,127508,Processed,Battery Status,Unknown Manufacturer,6,255,2,1,8,0x017505FF7FFFFFFF
717,6_21_2015_16_11_36_24953277,127258,Unprocessed,Magnetic Variation,Unknown Manufacturer,9,255,6,1,6,0xFFFFDF40FF7F
718,6_21_2015_16_11_36_24953332,127250,Processed,Vessel Heading,Unknown Manufacturer,1,255,2,1,8,0xFF587AFF7FFF7FFD
719,6_21_2015_16_11_36_24953339,127245,Processed,Rudder,Unknown Manufacturer,1,255,2,1,8,0x00F8FF7F5FB8FFFF
720,6_21_2015_16_11_36_24953348,127508,Processed,Battery Status,Unknown Manufacturer,6,255,2,1,8,0x017505FF7FFFFFFF
721,6_21_2015_16_11_36_24953433,127250,Processed,Vessel Heading,Unknown Manufacturer,1,255,2,1,8,0xFF587AFF7FFF7FFD
722,6_21_2015_16_11_36_24953441,127245,Processed,Rudder,Unknown Manufacturer,1,255,2,1,8,0x00F8FF7F3BB8FFFF
723,6_21_2015_16_11_36_24953448,127508,Processed,Battery Status,Unknown Manufacturer,6,255,2,1,8,0x017505FF7FFFFFFF
724,6_21_2015_16_11_36_24953534,127250,Processed,Vessel Heading,Unknown Manufacturer,1,255,2,1,8,0xFF587AFF7FFF7FFD
725,6_21_2015_16_11_36_24953541,127245,Processed,Rudder,Unknown Manufacturer,1,255,2,1,8,0x00F8FF7F3BB8FFFF
726,6_21_2015_16_11_36_24953549,127508,Processed,Battery Status,Unknown Manufacturer,6,255,2,1,8,0x017505FF7FFFFFFF
727,6_21_2015_16_11_36_24953634,127250,Processed,Vessel Heading,Unknown Manufacturer,1,255,2,1,8,0xFF587AFF7FFF7FFD
728,6_21_2015_16_11_36_24953640,127245,Processed,Rudder,Unknown Manufacturer,1,255,2,1,8,0x00F8FF7F5FB8FFFF
729,6_21_2015_16_11_36_24953648,127508,Processed,Battery Status,Unknown Manufacturer,6,255,2,1,8,0x017505FF7FFFFFFF
730,6_21_2015_16_11_36_24953735,127250,Processed,Vessel Heading,Unknown Manufacturer,1,255,2,1,8,0xFF597AFF7FFF7FFD
731,6_21_2015_16_11_36_24953742,127245,Processed,Rudder,Unknown Manufacturer,1,255,2,1,8,0x00F8FF7F5FB8FFFF
732,6_21_2015_16_11_36_24953748,127508,Processed,Battery Status,Unknown Manufacturer,6,255,2,1,8,0x017505FF7FFFFFFF
733,6_21_2015_16_11_36_24953836,127250,Processed,Vessel Heading,Unknown Manufacturer,1,255,2,1,8,0xFF597AFF7FFF7FFD
734,6_21_2015_16_11_36_24953845,127245,Processed,Rudder,Unknown Manufacturer,1,255,2,1,8,0x00F8FF7F5FB8FFFF
735,6_21_2015_16_11_36_24953851,129284,Processed,Navigation Data,Unknown Manufacturer,4,255,3,0,34,0xFFFFFFFFFF0FFFFFFFFFFFFFFFFFFFFFFFFFFFFFFFFFFFFFFFFFFF7FFFFFFF7FFF7F
736,6_21_2015_16_11_36_24953858,129283,Processed,Cross Track Error,Unknown Manufacturer,4,255,3,1,8,0xFFFFFFFFFF7FFFFF
737,6_21_2015_16_11_36_24953865,127508,Processed,Battery Status,Unknown Manufacturer,6,255,2,1,8,0x017505FF7FFFFFFF
738,6_21_2015_16_11_36_24953937,127250,Processed,Vessel Heading,Unknown Manufacturer,1,255,2,1,8,0xFF597AFF7FFF7FFD
739,6_21_2015_16_11_36_24953944,127245,Processed,Rudder,Unknown Manufacturer,1,255,2,1,8,0x00F8FF7F5FB8FFFF
740,6_21_2015_16_11_36_24953949,127508,Processed,Battery Status,Unknown Manufacturer,6,255,2,1,8,0x017505FF7FFFFFFF
741,6_21_2015_16_11_36_24954037,127250,Processed,Vessel Heading,Unknown Manufacturer,1,255,2,1,8,0xFF5A7AFF7FFF7FFD
742,6_21_2015_16_11_36_24954045,127245,Processed,Rudder,Unknown Manufacturer,1,255,2,1,8,0x00F8FF7F5FB8FFFF
743,6_21_2015_16_11_36_24954052,127508,Processed,Battery Status,Unknown Manufacturer,6,255,2,1,8,0x017505FF7FFFFFFF
744,6_21_2015_16_11_37_24954138,127250,Processed,Vessel Heading,Unknown Manufacturer,1,255,2,1,8,0xFF597AFF7FFF7FFD
745,6_21_2015_16_11_37_24954145,127245,Processed,Rudder,Unknown Manufacturer,1,255,2,1,8,0x00F8FF7F5FB8FFFF
746,6_21_2015_16_11_37_24954153,127508,Processed,Battery Status,Unknown Manufacturer,6,255,2,1,8,0x017505FF7FFFFFFF
747,6_21_2015_16_11_37_24954239,127250,Processed,Vessel Heading,Unknown Manufacturer,1,255,2,1,8,0xFF5A7AFF7FFF7FFD
748,6_21_2015_16_11_37_24954244,127245,Processed,Rudder,Unknown Manufacturer,1,255,2,1,8,0x00F8FF7F5FB8FFFF
749,6_21_2015_16_11_37_24954251,127508,Processed,Battery Status,Unknown Manufacturer,6,255,2,1,8,0x017505FF7FFFFFFF
750,6_21_2015_16_11_37_24954277,127258,Unprocessed,Magnetic Variation,Unknown Manufacturer,9,255,6,1,6,0xFFFFDF40FF7F
751,6_21_2015_16_11_37_24954339,127250,Processed,Vessel Heading,Unknown Manufacturer,1,255,2,1,8,0xFF5A7AFF7FFF7FFD
752,6_21_2015_16_11_37_24954345,127245,Processed,Rudder,Unknown Manufacturer,1,255,2,1,8,0x00F8FF7F5FB8FFFF
753,6_21_2015_16_11_37_24954352,127508,Processed,Battery Status,Unknown Manufacturer,6,255,2,1,8,0x017505FF7FFFFFFF
754,6_21_2015_16_11_37_24954441,127250,Processed,Vessel Heading,Unknown Manufacturer,1,255,2,1,8,0xFF5B7AFF7FFF7FFD
755,6_21_2015_16_11_37_24954448,127245,Processed,Rudder,Unknown Manufacturer,1,255,2,1,8,0x00F8FF7F5FB8FFFF
756,6_21_2015_16_11_37_24954454,127508,Processed,Battery Status,Unknown Manufacturer,6,255,2,1,8,0x017505FF7FFFFFFF
757,6_21_2015_16_11_37_24954541,127250,Processed,Vessel Heading,Unknown Manufacturer,1,255,2,1,8,0xFF5B7AFF7FFF7FFD
758,6_21_2015_16_11_37_24954549,127245,Processed,Rudder,Unknown Manufacturer,1,255,2,1,8,0x00F8FF7F5FB8FFFF
759,6_21_2015_16_11_37_24954556,127508,Processed,Battery Status,Unknown Manufacturer,6,255,2,1,8,0x017505FF7FFFFFFF
760,6_21_2015_16_11_37_24954642,127250,Processed,Vessel Heading,Unknown Manufacturer,1,255,2,1,8,0xFF5C7AFF7FFF7FFD
761,6_21_2015_16_11_37_24954649,127245,Processed,Rudder,Unknown Manufacturer,1,255,2,1,8,0x00F8FF7F5FB8FFFF
762,6_21_2015_16_11_37_24954657,127508,Processed,Battery Status,Unknown Manufacturer,6,255,2,1,8,0x017505FF7FFFFFFF
763,6_21_2015_16_11_37_24954742,127250,Processed,Vessel Heading,Unknown Manufacturer,1,255,2,1,8,0xFF5C7AFF7FFF7FFD
764,6_21_2015_16_11_37_24954748,127245,Processed,Rudder,Unknown Manufacturer,1,255,2,1,8,0x00F8FF7F5FB8FFFF
765,6_21_2015_16_11_37_24954755,127508,Processed,Battery Status,Unknown Manufacturer,6,255,2,1,8,0x017205FF7FFFFFFF
766,6_21_2015_16_11_37_24954838,129284,Processed,Navigation Data,Unknown Manufacturer,4,255,3,0,34,0xFFFFFFFFFF0FFFFFFFFFFFFFFFFFFFFFFFFFFFFFFFFFFFFFFFFFFF7FFFFFFF7FFF7F
767,6_21_2015_16_11_37_24954845,129283,Processed,Cross Track Error,Unknown Manufacturer,4,255,3,1,8,0xFFFFFFFFFF7FFFFF
768,6_21_2015_16_11_37_24954850,127250,Processed,Vessel Heading,Unknown Manufacturer,1,255,2,1,8,0xFF5D7AFF7FFF7FFD
769,6_21_2015_16_11_37_24954858,127245,Processed,Rudder,Unknown Manufacturer,1,255,2,1,8,0x00F8FF7F5FB8FFFF
770,6_21_2015_16_11_37_24954866,127508,Processed,Battery Status,Unknown Manufacturer,6,255,2,1,8,0x017505FF7FFFFFFF
771,6_21_2015_16_11_37_24954944,127250,Processed,Vessel Heading,Unknown Manufacturer,1,255,2,1,8,0xFF5D7AFF7FFF7FFD
772,6_21_2015_16_11_37_24954950,127245,Processed,Rudder,Unknown Manufacturer,1,255,2,1,8,0x00F8FF7F5FB8FFFF
773,6_21_2015_16_11_37_24954957,127508,Processed,Battery Status,Unknown Manufacturer,6,255,2,1,8,0x017505FF7FFFFFFF
774,6_21_2015_16_11_37_24955044,127250,Processed,Vessel Heading,Unknown Manufacturer,1,255,2,1,8,0xFF5E7AFF7FFF7FFD
775,6_21_2015_16_11_37_24955051,127245,Processed,Rudder,Unknown Manufacturer,1,255,2,1,8,0x00F8FF7F5FB8FFFF
776,6_21_2015_16_11_37_24955057,127508,Processed,Battery Status,Unknown Manufacturer,6,255,2,1,8,0x017505FF7FFFFFFF
777,6_21_2015_16_11_38_24955145,127250,Processed,Vessel Heading,Unknown Manufacturer,1,255,2,1,8,0xFF5F7AFF7FFF7FFD
778,6_21_2015_16_11_38_24955153,127245,Processed,Rudder,Unknown Manufacturer,1,255,2,1,8,0x00F8FF7F5FB8FFFF
779,6_21_2015_16_11_38_24955160,127508,Processed,Battery Status,Unknown Manufacturer,6,255,2,1,8,0x017505FF7FFFFFFF
780,6_21_2015_16_11_38_24955246,127250,Processed,Vessel Heading,Unknown Manufacturer,1,255,2,1,8,0xFF5F7AFF7FFF7FFD
781,6_21_2015_16_11_38_24955253,127245,Processed,Rudder,Unknown Manufacturer,1,255,2,1,8,0x00F8FF7F5FB8FFFF
782,6_21_2015_16_11_38_24955261,127508,Processed,Battery Status,Unknown Manufacturer,6,255,2,1,8,0x017505FF7FFFFFFF
783,6_21_2015_16_11_38_24955277,127258,Unprocessed,Magnetic Variation,Unknown Manufacturer,9,255,6,1,6,0xFFFFDF40FF7F
784,6_21_2015_16_11_38_24955347,127250,Processed,Vessel Heading,Unknown Manufacturer,1,255,2,1,8,0xFF5F7AFF7FFF7FFD
785,6_21_2015_16_11_38_24955354,127245,Processed,Rudder,Unknown Manufacturer,1,255,2,1,8,0x00F8FF7F5FB8FFFF
786,6_21_2015_16_11_38_24955363,127508,Processed,Battery Status,Unknown Manufacturer,6,255,2,1,8,0x017505FF7FFFFFFF
787,6_21_2015_16_11_38_24955447,127250,Processed,Vessel Heading,Unknown Manufacturer,1,255,2,1,8,0xFF5E7AFF7FFF7FFD
788,6_21_2015_16_11_38_24955453,127245,Processed,Rudder,Unknown Manufacturer,1,255,2,1,8,0x00F8FF7F5FB8FFFF
789,6_21_2015_16_11_38_24955460,127508,Processed,Battery Status,Unknown Manufacturer,6,255,2,1,8,0x017505FF7FFFFFFF
790,6_21_2015_16_11_38_24955548,127250,Processed,Vessel Heading,Unknown Manufacturer,1,255,2,1,8,0xFF5F7AFF7FFF7FFD
791,6_21_2015_16_11_38_24955555,127508,Processed,Battery Status,Unknown Manufacturer,6,255,2,1,8,0x017505FF7FFFFFFF
792,6_21_2015_16_11_38_24955561,127245,Processed,Rudder,Unknown Manufacturer,1,255,2,1,8,0x00F8FF7F5FB8FFFF
793,6_21_2015_16_11_38_24955648,127508,Processed,Battery Status,Unknown Manufacturer,6,255,2,1,8,0x017505FF7FFFFFFF
794,6_21_2015_16_11_38_24955656,127250,Processed,Vessel Heading,Unknown Manufacturer,1,255,2,1,8,0xFF5F7AFF7FFF7FFD
795,6_21_2015_16_11_38_24955663,127245,Processed,Rudder,Unknown Manufacturer,1,255,2,1,8,0x00F8FF7F5FB8FFFF
796,6_21_2015_16_11_38_24955748,127508,Processed,Battery Status,Unknown Manufacturer,6,255,2,1,8,0x017505FF7FFFFFFF
797,6_21_2015_16_11_38_24955763,127250,Processed,Vessel Heading,Unknown Manufacturer,1,255,2,1,8,0xFF5F7AFF7FFF7FFD
798,6_21_2015_16_11_38_24955772,127245,Processed,Rudder,Unknown Manufacturer,1,255,2,1,8,0x00F8FF7F5FB8FFFF
799,6_21_2015_16_11_38_24955848,127508,Processed,Battery Status,Unknown Manufacturer,6,255,2,1,8,0x017505FF7FFFFFFF
800,6_21_2015_16_11_38_24955854,127250,Processed,Vessel Heading,Unknown Manufacturer,1,255,2,1,8,0xFF607AFF7FFF7FFD
801,6_21_2015_16_11_38_24955861,127245,Processed,Rudder,Unknown Manufacturer,1,255,2,1,8,0x00F8FF7F5FB8FFFF
802,6_21_2015_16_11_38_24955906,129284,Processed,Navigation Data,Unknown Manufacturer,4,255,3,0,34,0xFFFFFFFFFF0FFFFFFFFFFFFFFFFFFFFFFFFFFFFFFFFFFFFFFFFFFF7FFFFFFF7FFF7F
803,6_21_2015_16_11_38_24955913,129283,Processed,Cross Track Error,Unknown Manufacturer,4,255,3,1,8,0xFFFFFFFFFF7FFFFF
804,6_21_2015_16_11_38_24955948,127508,Processed,Battery Status,Unknown Manufacturer,6,255,2,1,8,0x017505FF7FFFFFFF
805,6_21_2015_16_11_38_24955955,127250,Processed,Vessel Heading,Unknown Manufacturer,1,255,2,1,8,0xFF607AFF7FFF7FFD
806,6_21_2015_16_11_38_24955964,127245,Processed,Rudder,Unknown Manufacturer,1,255,2,1,8,0x00F8FF7F5FB8FFFF
807,6_21_2015_16_11_38_24956048,127508,Processed,Battery Status,Unknown Manufacturer,6,255,2,1,8,0x017505FF7FFFFFFF
808,6_21_2015_16_11_38_24956054,127250,Processed,Vessel Heading,Unknown Manufacturer,1,255,2,1,8,0xFF617AFF7FFF7FFD
809,6_21_2015_16_11_38_24956061,127245,Processed,Rudder,Unknown Manufacturer,1,255,2,1,8,0x00F8FF7F5FB8FFFF
810,6_21_2015_16_11_39_24956148,127508,Processed,Battery Status,Unknown Manufacturer,6,255,2,1,8,0x017505FF7FFFFFFF
811,6_21_2015_16_11_39_24956155,127250,Processed,Vessel Heading,Unknown Manufacturer,1,255,2,1,8,0xFF617AFF7FFF7FFD
812,6_21_2015_16_11_39_24956161,127245,Processed,Rudder,Unknown Manufacturer,1,255,2,1,8,0x00F8FF7F5FB8FFFF
813,6_21_2015_16_11_39_24956248,127508,Processed,Battery Status,Unknown Manufacturer,6,255,2,1,8,0x017505FF7FFFFFFF
814,6_21_2015_16_11_39_24956256,127250,Processed,Vessel Heading,Unknown Manufacturer,1,255,2,1,8,0xFF617AFF7FFF7FFD
815,6_21_2015_16_11_39_24956263,127245,Processed,Rudder,Unknown Manufacturer,1,255,2,1,8,0x00F8FF7F5FB8FFFF
816,6_21_2015_16_11_39_24956277,127258,Unprocessed,Magnetic Variation,Unknown Manufacturer,9,255,6,1,6,0xFFFFDF40FF7F
817,6_21_2015_16_11_39_24956348,127508,Processed,Battery Status,Unknown Manufacturer,6,255,2,1,8,0x017505FF7FFFFFFF
818,6_21_2015_16_11_39_24956360,127250,Processed,Vessel Heading,Unknown Manufacturer,1,255,2,1,8,0xFF617AFF7FFF7FFD
819,6_21_2015_16_11_39_24956367,127245,Processed,Rudder,Unknown Manufacturer,1,255,2,1,8,0x00F8FF7F5FB8FFFF
820,6_21_2015_16_11_39_24956448,127508,Processed,Battery Status,Unknown Manufacturer,6,255,2,1,8,0x017505FF7FFFFFFF
821,6_21_2015_16_11_39_24956455,127250,Processed,Vessel Heading,Unknown Manufacturer,1,255,2,1,8,0xFF627AFF7FFF7FFD
822,6_21_2015_16_11_39_24956464,127245,Processed,Rudder,Unknown Manufacturer,1,255,2,1,8,0x00F8FF7F5FB8FFFF
823,6_21_2015_16_11_39_24956548,127508,Processed,Battery Status,Unknown Manufacturer,6,255,2,1,8,0x017505FF7FFFFFFF
824,6_21_2015_16_11_39_24956555,127250,Processed,Vessel Heading,Unknown Manufacturer,1,255,2,1,8,0xFF637AFF7FFF7FFD
825,6_21_2015_16_11_39_24956563,127245,Processed,Rudder,Unknown Manufacturer,1,255,2,1,8,0x00F8FF7F5FB8FFFF
826,6_21_2015_16_11_39_24956648,127508,Processed,Battery Status,Unknown Manufacturer,6,255,2,1,8,0x017505FF7FFFFFFF
827,6_21_2015_16_11_39_24956656,127250,Processed,Vessel Heading,Unknown Manufacturer,1,255,2,1,8,0xFF637AFF7FFF7FFD
828,6_21_2015_16_11_39_24956662,127245,Processed,Rudder,Unknown Manufacturer,1,255,2,1,8,0x00F8FF7F5FB8FFFF
829,6_21_2015_16_11_39_24956748,127508,Processed,Battery Status,Unknown Manufacturer,6,255,2,1,8,0x017505FF7FFFFFFF
830,6_21_2015_16_11_39_24956757,127250,Processed,Vessel Heading,Unknown Manufacturer,1,255,2,1,8,0xFF627AFF7FFF7FFD
831,6_21_2015_16_11_39_24956763,127245,Processed,Rudder,Unknown Manufacturer,1,255,2,1,8,0x00F8FF7F5FB8FFFF
832,6_21_2015_16_11_39_24956848,127508,Processed,Battery Status,Unknown Manufacturer,6,255,2,1,8,0x017505FF7FFFFFFF
833,6_21_2015_16_11_39_24956857,127250,Processed,Vessel Heading,Unknown Manufacturer,1,255,2,1,8,0xFF627AFF7FFF7FFD
834,6_21_2015_16_11_39_24956866,127245,Processed,Rudder,Unknown Manufacturer,1,255,2,1,8,0x00F8FF7F5FB8FFFF
835,6_21_2015_16_11_39_24956948,127508,Processed,Battery Status,Unknown Manufacturer,6,255,2,1,8,0x017505FF7FFFFFFF
836,6_21_2015_16_11_39_24956958,127250,Processed,Vessel Heading,Unknown Manufacturer,1,255,2,1,8,0xFF627AFF7FFF7FFD
837,6_21_2015_16_11_39_24956971,127245,Processed,Rudder,Unknown Manufacturer,1,255,2,1,8,0x00F8FF7F5FB8FFFF
838,6_21_2015_16_11_39_24956988,129284,Processed,Navigation Data,Unknown Manufacturer,4,255,3,0,34,0xFFFFFFFFFF0FFFFFFFFFFFFFFFFFFFFFFFFFFFFFFFFFFFFFFFFFFF7FFFFFFF7FFF7F
839,6_21_2015_16_11_39_24956994,129283,Processed,Cross Track Error,Unknown Manufacturer,4,255,3,1,8,0xFFFFFFFFFF7FFFFF
840,6_21_2015_16_11_39_24957048,127508,Processed,Battery Status,Unknown Manufacturer,6,255,2,1,8,0x017505FF7FFFFFFF
841,6_21_2015_16_11_39_24957059,127250,Processed,Vessel Heading,Unknown Manufacturer,1,255,2,1,8,0xFF637AFF7FFF7FFD
842,6_21_2015_16_11_39_24957067,127245,Processed,Rudder,Unknown Manufacturer,1,255,2,1,8,0x00F8FF7F5FB8FFFF
843,6_21_2015_16_11_40_24957148,127508,Processed,Battery Status,Unknown Manufacturer,6,255,2,1,8,0x017505FF7FFFFFFF
844,6_21_2015_16_11_40_24957159,127250,Processed,Vessel Heading,Unknown Manufacturer,1,255,2,1,8,0xFF637AFF7FFF7FFD
845,6_21_2015_16_11_40_24957168,127245,Processed,Rudder,Unknown Manufacturer,1,255,2,1,8,0x00F8FF7F5FB8FFFF
846,6_21_2015_16_11_40_24957248,127508,Processed,Battery Status,Unknown Manufacturer,6,255,2,1,8,0x017505FF7FFFFFFF
847,6_21_2015_16_11_40_24957260,127250,Processed,Vessel Heading,Unknown Manufacturer,1,255,2,1,8,0xFF637AFF7FFF7FFD
848,6_21_2015_16_11_40_24957266,127245,Processed,Rudder,Unknown Manufacturer,1,255,2,1,8,0x00F8FF7F5FB8FFFF
849,6_21_2015_16_11_40_24957277,127258,Unprocessed,Magnetic Variation,Unknown Manufacturer,9,255,6,1,6,0xFFFFDF40FF7F
850,6_21_2015_16_11_40_24957348,127508,Processed,Battery Status,Unknown Manufacturer,6,255,2,1,8,0x017505FF7FFFFFFF
851,6_21_2015_16_11_40_24957361,127250,Processed,Vessel Heading,Unknown Manufacturer,1,255,2,1,8,0xFF647AFF7FFF7FFD
852,6_21_2015_16_11_40_24957367,127245,Processed,Rudder,Unknown Manufacturer,1,255,2,1,8,0x00F8FF7F5FB8FFFF
853,6_21_2015_16_11_40_24957448,127508,Processed,Battery Status,Unknown Manufacturer,6,255,2,1,8,0x017505FF7FFFFFFF
854,6_21_2015_16_11_40_24957461,127250,Processed,Vessel Heading,Unknown Manufacturer,1,255,2,1,8,0xFF657AFF7FFF7FFD
855,6_21_2015_16_11_40_24957467,127245,Processed,Rudder,Unknown Manufacturer,1,255,2,1,8,0x00F8FF7F5FB8FFFF
856,6_21_2015_16_11_40_24957548,127508,Processed,Battery Status,Unknown Manufacturer,6,255,2,1,8,0x017505FF7FFFFFFF
857,6_21_2015_16_11_40_24957562,127250,Processed,Vessel Heading,Unknown Manufacturer,1,255,2,1,8,0xFF667AFF7FFF7FFD
858,6_21_2015_16_11_40_24957572,127245,Processed,Rudder,Unknown Manufacturer,1,255,2,1,8,0x00F8FF7F5FB8FFFF
859,6_21_2015_16_11_40_24957648,127508,Processed,Battery Status,Unknown Manufacturer,6,255,2,1,8,0x017505FF7FFFFFFF
860,6_21_2015_16_11_40_24957663,127250,Processed,Vessel Heading,Unknown Manufacturer,1,255,2,1,8,0xFF667AFF7FFF7FFD
861,6_21_2015_16_11_40_24957672,127245,Processed,Rudder,Unknown Manufacturer,1,255,2,1,8,0x00F8FF7F5FB8FFFF
862,6_21_2015_16_11_40_24957748,127508,Processed,Battery Status,Unknown Manufacturer,6,255,2,1,8,0x017505FF7FFFFFFF
863,6_21_2015_16_11_40_24957764,127250,Processed,Vessel Heading,Unknown Manufacturer,1,255,2,1,8,0xFF667AFF7FFF7FFD
864,6_21_2015_16_11_40_24957771,127245,Processed,Rudder,Unknown Manufacturer,1,255,2,1,8,0x00F8FF7F5FB8FFFF
865,6_21_2015_16_11_40_24957848,127508,Processed,Battery Status,Unknown Manufacturer,6,255,2,1,8,0x017505FF7FFFFFFF
866,6_21_2015_16_11_40_24957864,127250,Processed,Vessel Heading,Unknown Manufacturer,1,255,2,1,8,0xFF667AFF7FFF7FFD
867,6_21_2015_16_11_40_24957870,127245,Processed,Rudder,Unknown Manufacturer,1,255,2,1,8,0x00F8FF7F5FB8FFFF
868,6_21_2015_16_11_40_24957948,127508,Processed,Battery Status,Unknown Manufacturer,6,255,2,1,8,0x017505FF7FFFFFFF
869,6_21_2015_16_11_40_24957965,127250,Processed,Vessel Heading,Unknown Manufacturer,1,255,2,1,8,0xFF667AFF7FFF7FFD
870,6_21_2015_16_11_40_24957973,127245,Processed,Rudder,Unknown Manufacturer,1,255,2,1,8,0x00F8FF7F5FB8FFFF
871,6_21_2015_16_11_40_24958038,129284,Processed,Navigation Data,Unknown Manufacturer,4,255,3,0,34,0xFFFFFFFFFF0FFFFFFFFFFFFFFFFFFFFFFFFFFFFFFFFFFFFFFFFFFF7FFFFFFF7FFF7F
872,6_21_2015_16_11_40_24958044,129283,Processed,Cross Track Error,Unknown Manufacturer,4,255,3,1,8,0xFFFFFFFFFF7FFFFF
873,6_21_2015_16_11_40_24958052,127508,Processed,Battery Status,Unknown Manufacturer,6,255,2,1,8,0x017505FF7FFFFFFF
874,6_21_2015_16_11_40_24958066,127250,Processed,Vessel Heading,Unknown Manufacturer,1,255,2,1,8,0xFF677AFF7FFF7FFD
875,6_21_2015_16_11_40_24958073,127245,Processed,Rudder,Unknown Manufacturer,1,255,2,1,8,0x00F8FF7F5FB8FFFF
876,6_21_2015_16_11_41_24958148,127508,Processed,Battery Status,Unknown Manufacturer,6,255,2,1,8,0x017505FF7FFFFFFF
877,6_21_2015_16_11_41_24958166,127250,Processed,Vessel Heading,Unknown Manufacturer,1,255,2,1,8,0xFF677AFF7FFF7FFD
878,6_21_2015_16_11_41_24958176,127245,Processed,Rudder,Unknown Manufacturer,1,255,2,1,8,0x00F8FF7F5FB8FFFF
879,6_21_2015_16_11_41_24958248,127508,Processed,Battery Status,Unknown Manufacturer,6,255,2,1,8,0x017505FF7FFFFFFF
880,6_21_2015_16_11_41_24958267,127250,Processed,Vessel Heading,Unknown Manufacturer,1,255,2,1,8,0xFF687AFF7FFF7FFD
881,6_21_2015_16_11_41_24958276,127245,Processed,Rudder,Unknown Manufacturer,1,255,2,1,8,0x00F8FF7F5FB8FFFF
882,6_21_2015_16_11_41_24958283,127258,Unprocessed,Magnetic Variation,Unknown Manufacturer,9,255,6,1,6,0xFFFFDF40FF7F
883,6_21_2015_16_11_41_24958348,127508,Processed,Battery Status,Unknown Manufacturer,6,255,2,1,8,0x017505FF7FFFFFFF
884,6_21_2015_16_11_41_24958368,127250,Processed,Vessel Heading,Unknown Manufacturer,1,255,2,1,8,0xFF687AFF7FFF7FFD
885,6_21_2015_16_11_41_24958378,127245,Processed,Rudder,Unknown Manufacturer,1,255,2,1,8,0x00F8FF7F5FB8FFFF
886,6_21_2015_16_11_41_24958448,127508,Processed,Battery Status,Unknown Manufacturer,6,255,2,1,8,0x017505FF7FFFFFFF
887,6_21_2015_16_11_41_24958469,127250,Processed,Vessel Heading,Unknown Manufacturer,1,255,2,1,8,0xFF687AFF7FFF7FFD
888,6_21_2015_16_11_41_24958475,127245,Processed,Rudder,Unknown Manufacturer,1,255,2,1,8,0x00F8FF7F5FB8FFFF
889,6_21_2015_16_11_41_24958548,127508,Processed,Battery Status,Unknown Manufacturer,6,255,2,1,8,0x017505FF7FFFFFFF
890,6_21_2015_16_11_41_24958569,127250,Processed,Vessel Heading,Unknown Manufacturer,1,255,2,1,8,0xFF697AFF7FFF7FFD
891,6_21_2015_16_11_41_24958577,127245,Processed,Rudder,Unknown Manufacturer,1,255,2,1,8,0x00F8FF7F5FB8FFFF
892,6_21_2015_16_11_41_24958648,127508,Processed,Battery Status,Unknown Manufacturer,6,255,2,1,8,0x017505FF7FFFFFFF
893,6_21_2015_16_11_41_24958670,127250,Processed,Vessel Heading,Unknown Manufacturer,1,255,2,1,8,0xFF697AFF7FFF7FFD
894,6_21_2015_16_11_41_24958678,127245,Processed,Rudder,Unknown Manufacturer,1,255,2,1,8,0x00F8FF7F5FB8FFFF
895,6_21_2015_16_11_41_24958748,127508,Processed,Battery Status,Unknown Manufacturer,6,255,2,1,8,0x017505FF7FFFFFFF
896,6_21_2015_16_11_41_24958771,127250,Processed,Vessel Heading,Unknown Manufacturer,1,255,2,1,8,0xFF687AFF7FFF7FFD
897,6_21_2015_16_11_41_24958779,127245,Processed,Rudder,Unknown Manufacturer,1,255,2,1,8,0x00F8FF7F5FB8FFFF
898,6_21_2015_16_11_41_24958848,127508,Processed,Battery Status,Unknown Manufacturer,6,255,2,1,8,0x017505FF7FFFFFFF
899,6_21_2015_16_11_41_24958871,127250,Processed,Vessel Heading,Unknown Manufacturer,1,255,2,1,8,0xFF697AFF7FFF7FFD
900,6_21_2015_16_11_41_24958877,127245,Processed,Rudder,Unknown Manufacturer,1,255,2,1,8,0x00F8FF7F5FB8FFFF
901,6_21_2015_16_11_41_24958948,127508,Processed,Battery Status,Unknown Manufacturer,6,255,2,1,8,0x017505FF7FFFFFFF
902,6_21_2015_16_11_41_24958972,127250,Processed,Vessel Heading,Unknown Manufacturer,1,255,2,1,8,0xFF697AFF7FFF7FFD
903,6_21_2015_16_11_41_24958978,127245,Processed,Rudder,Unknown Manufacturer,1,255,2,1,8,0x00F8FF7F5FB8FFFF
904,6_21_2015_16_11_41_24959038,129284,Processed,Navigation Data,Unknown Manufacturer,4,255,3,0,34,0xFFFFFFFFFF0FFFFFFFFFFFFFFFFFFFFFFFFFFFFFFFFFFFFFFFFFFF7FFFFFFF7FFF7F
905,6_21_2015_16_11_41_24959047,129283,Processed,Cross Track Error,Unknown Manufacturer,4,255,3,1,8,0xFFFFFFFFFF7FFFFF
906,6_21_2015_16_11_41_24959054,127508,Processed,Battery Status,Unknown Manufacturer,6,255,2,1,8,0x017505FF7FFFFFFF
907,6_21_2015_16_11_41_24959073,127250,Processed,Vessel Heading,Unknown Manufacturer,1,255,2,1,8,0xFF6B7AFF7FFF7FFD
908,6_21_2015_16_11_41_24959079,127245,Processed,Rudder,Unknown Manufacturer,1,255,2,1,8,0x00F8FF7F5FB8FFFF
909,6_21_2015_16_11_42_24959148,127508,Processed,Battery Status,Unknown Manufacturer,6,255,2,1,8,0x017505FF7FFFFFFF
910,6_21_2015_16_11_42_24959173,127250,Processed,Vessel Heading,Unknown Manufacturer,1,255,2,1,8,0xFF6B7AFF7FFF7FFD
911,6_21_2015_16_11_42_24959179,127245,Processed,Rudder,Unknown Manufacturer,1,255,2,1,8,0x00F8FF7F5FB8FFFF
912,6_21_2015_16_11_42_24959248,127508,Processed,Battery Status,Unknown Manufacturer,6,255,2,1,8,0x017505FF7FFFFFFF
913,6_21_2015_16_11_42_24959274,127250,Processed,Vessel Heading,Unknown Manufacturer,1,255,2,1,8,0xFF6C7AFF7FFF7FFD
914,6_21_2015_16_11_42_24959281,127245,Processed,Rudder,Unknown Manufacturer,1,255,2,1,8,0x00F8FF7F5FB8FFFF
915,6_21_2015_16_11_42_24959287,127258,Unprocessed,Magnetic Variation,Unknown Manufacturer,9,255,6,1,6,0xFFFFDF40FF7F
916,6_21_2015_16_11_42_24959348,127508,Processed,Battery Status,Unknown Manufacturer,6,255,2,1,8,0x017505FF7FFFFFFF
917,6_21_2015_16_11_42_24959375,127250,Processed,Vessel Heading,Unknown Manufacturer,1,255,2,1,8,0xFF6D7AFF7FFF7FFD
918,6_21_2015_16_11_42_24959381,127245,Processed,Rudder,Unknown Manufacturer,1,255,2,1,8,0x00F8FF7F5FB8FFFF
919,6_21_2015_16_11_42_24959448,127508,Processed,Battery Status,Unknown Manufacturer,6,255,2,1,8,0x017505FF7FFFFFFF
920,6_21_2015_16_11_42_24959476,127250,Processed,Vessel Heading,Unknown Manufacturer,1,255,2,1,8,0xFF6C7AFF7FFF7FFD
921,6_21_2015_16_11_42_24959484,127245,Processed,Rudder,Unknown Manufacturer,1,255,2,1,8,0x00F8FF7F5FB8FFFF
922,6_21_2015_16_11_42_24959548,127508,Processed,Battery Status,Unknown Manufacturer,6,255,2,1,8,0x017505FF7FFFFFFF
923,6_21_2015_16_11_42_24959576,127250,Processed,Vessel Heading,Unknown Manufacturer,1,255,2,1,8,0xFF6D7AFF7FFF7FFD
924,6_21_2015_16_11_42_24959583,127245,Processed,Rudder,Unknown Manufacturer,1,255,2,1,8,0x00F8FF7F5FB8FFFF
925,6_21_2015_16_11_42_24959648,127508,Processed,Battery Status,Unknown Manufacturer,6,255,2,1,8,0x017505FF7FFFFFFF
926,6_21_2015_16_11_42_24959677,127250,Processed,Vessel Heading,Unknown Manufacturer,1,255,2,1,8,0xFF6D7AFF7FFF7FFD
927,6_21_2015_16_11_42_24959683,127245,Processed,Rudder,Unknown Manufacturer,1,255,2,1,8,0x00F8FF7F5FB8FFFF
928,6_21_2015_16_11_42_24959748,127508,Processed,Battery Status,Unknown Manufacturer,6,255,2,1,8,0x017505FF7FFFFFFF
929,6_21_2015_16_11_42_24959778,127250,Processed,Vessel Heading,Unknown Manufacturer,1,255,2,1,8,0xFF6C7AFF7FFF7FFD
930,6_21_2015_16_11_42_24959785,127245,Processed,Rudder,Unknown Manufacturer,1,255,2,1,8,0x00F8FF7F5FB8FFFF
931,6_21_2015_16_11_42_24959848,127508,Processed,Battery Status,Unknown Manufacturer,6,255,2,1,8,0x017505FF7FFFFFFF
932,6_21_2015_16_11_42_24959878,127250,Processed,Vessel Heading,Unknown Manufacturer,1,255,2,1,8,0xFF6C7AFF7FFF7FFD
933,6_21_2015_16_11_42_24959886,127245,Processed,Rudder,Unknown Manufacturer,1,255,2,1,8,0x00F8FF7F5FB8FFFF
934,6_21_2015_16_11_42_24959948,127508,Processed,Battery Status,Unknown Manufacturer,6,255,2,1,8,0x017505FF7FFFFFFF
935,6_21_2015_16_11_42_24959979,127250,Processed,Vessel Heading,Unknown Manufacturer,1,255,2,1,8,0xFF6C7AFF7FFF7FFD
936,6_21_2015_16_11_42_24959986,127245,Processed,Rudder,Unknown Manufacturer,1,255,2,1,8,0x00F8FF7F5FB8FFFF
937,6_21_2015_16_11_42_24960048,127508,Processed,Battery Status,Unknown Manufacturer,6,255,2,1,8,0x017505FF7FFFFFFF
938,6_21_2015_16_11_42_24960107,127250,Processed,Vessel Heading,Unknown Manufacturer,1,255,2,1,8,0xFF6C7AFF7FFF7FFD
939,6_21_2015_16_11_42_24960113,127245,Processed,Rudder,Unknown Manufacturer,1,255,2,1,8,0x00F8FF7F5FB8FFFF
940,6_21_2015_16_11_43_24960138,129284,Processed,Navigation Data,Unknown Manufacturer,4,255,3,0,34,0xFFFFFFFFFF0FFFFFFFFFFFFFFFFFFFFFFFFFFFFFFFFFFFFFFFFFFF7FFFFFFF7FFF7F
941,6_21_2015_16_11_43_24960146,129283,Processed,Cross Track Error,Unknown Manufacturer,4,255,3,1,8,0xFFFFFFFFFF7FFFFF
942,6_21_2015_16_11_43_24960153,127508,Processed,Battery Status,Unknown Manufacturer,6,255,2,1,8,0x017505FF7FFFFFFF
943,6_21_2015_16_11_43_24960181,127250,Processed,Vessel Heading,Unknown Manufacturer,1,255,2,1,8,0xFF6D7AFF7FFF7FFD
944,6_21_2015_16_11_43_24960188,127245,Processed,Rudder,Unknown Manufacturer,1,255,2,1,8,0x00F8FF7F5FB8FFFF
945,6_21_2015_16_11_43_24960248,127508,Processed,Battery Status,Unknown Manufacturer,6,255,2,1,8,0x017505FF7FFFFFFF
946,6_21_2015_16_11_43_24960277,127258,Unprocessed,Magnetic Variation,Unknown Manufacturer,9,255,6,1,6,0xFFFFDF40FF7F
947,6_21_2015_16_11_43_24960283,127250,Processed,Vessel Heading,Unknown Manufacturer,1,255,2,1,8,0xFF6D7AFF7FFF7FFD
948,6_21_2015_16_11_43_24960290,127245,Processed,Rudder,Unknown Manufacturer,1,255,2,1,8,0x00F8FF7F5FB8FFFF
949,6_21_2015_16_11_43_24960348,127508,Processed,Battery Status,Unknown Manufacturer,6,255,2,1,8,0x017505FF7FFFFFFF
950,6_21_2015_16_11_43_24960382,127250,Processed,Vessel Heading,Unknown Manufacturer,1,255,2,1,8,0xFF6E7AFF7FFF7FFD
951,6_21_2015_16_11_43_24960388,127245,Processed,Rudder,Unknown Manufacturer,1,255,2,1,8,0x00F8FF7F5FB8FFFF
952,6_21_2015_16_11_43_24960448,127508,Processed,Battery Status,Unknown Manufacturer,6,255,2,1,8,0x017505FF7FFFFFFF
953,6_21_2015_16_11_43_24960483,127250,Processed,Vessel Heading,Unknown Manufacturer,1,255,2,1,8,0xFF6E7AFF7FFF7FFD
954,6_21_2015_16_11_43_24960489,127245,Processed,Rudder,Unknown Manufacturer,1,255,2,1,8,0x00F8FF7F5FB8FFFF
955,6_21_2015_16_11_43_24960548,127508,Processed,Battery Status,Unknown Manufacturer,6,255,2,1,8,0x017505FF7FFFFFFF
956,6_21_2015_16_11_43_24960583,127250,Processed,Vessel Heading,Unknown Manufacturer,1,255,2,1,8,0xFF6F7AFF7FFF7FFD
957,6_21_2015_16_11_43_24960591,127245,Processed,Rudder,Unknown Manufacturer,1,255,2,1,8,0x00F8FF7F5FB8FFFF
958,6_21_2015_16_11_43_24960648,127508,Processed,Battery Status,Unknown Manufacturer,6,255,2,1,8,0x017505FF7FFFFFFF
959,6_21_2015_16_11_43_24960684,127250,Processed,Vessel Heading,Unknown Manufacturer,1,255,2,1,8,0xFF707AFF7FFF7FFD
960,6_21_2015_16_11_43_24960691,127245,Processed,Rudder,Unknown Manufacturer,1,255,2,1,8,0x00F8FF7F5FB8FFFF
961,6_21_2015_16_11_43_24960748,127508,Processed,Battery Status,Unknown Manufacturer,6,255,2,1,8,0x017505FF7FFFFFFF
962,6_21_2015_16_11_43_24960785,127250,Processed,Vessel Heading,Unknown Manufacturer,1,255,2,1,8,0xFF6F7AFF7FFF7FFD
963,6_21_2015_16_11_43_24960791,127245,Processed,Rudder,Unknown Manufacturer,1,255,2,1,8,0x00F8FF7F5FB8FFFF
964,6_21_2015_16_11_43_24960848,127508,Processed,Battery Status,Unknown Manufacturer,6,255,2,1,8,0x017505FF7FFFFFFF
965,6_21_2015_16_11_43_24960885,127250,Processed,Vessel Heading,Unknown Manufacturer,1,255,2,1,8,0xFF6E7AFF7FFF7FFD
966,6_21_2015_16_11_43_24960892,127245,Processed,Rudder,Unknown Manufacturer,1,255,2,1,8,0x00F8FF7F5FB8FFFF
967,6_21_2015_16_11_43_24960948,127508,Processed,Battery Status,Unknown Manufacturer,6,255,2,1,8,0x017505FF7FFFFFFF
968,6_21_2015_16_11_43_24960986,127250,Processed,Vessel Heading,Unknown Manufacturer,1,255,2,1,8,0xFF6E7AFF7FFF7FFD
969,6_21_2015_16_11_43_24960994,127245,Processed,Rudder,Unknown Manufacturer,1,255,2,1,8,0x00F8FF7F5FB8FFFF
970,6_21_2015_16_11_43_24961048,127508,Processed,Battery Status,Unknown Manufacturer,6,255,2,1,8,0x017505FF7FFFFFFF
971,6_21_2015_16_11_43_24961087,127250,Processed,Vessel Heading,Unknown Manufacturer,1,255,2,1,8,0xFF6E7AFF7FFF7FFD
972,6_21_2015_16_11_43_24961094,127245,Processed,Rudder,Unknown Manufacturer,1,255,2,1,8,0x00F8FF7F5FB8FFFF
973,6_21_2015_16_11_44_24961148,127508,Processed,Battery Status,Unknown Manufacturer,6,255,2,1,8,0x017505FF7FFFFFFF
974,6_21_2015_16_11_44_24961188,127250,Processed,Vessel Heading,Unknown Manufacturer,1,255,2,1,8,0xFF6D7AFF7FFF7FFD
975,6_21_2015_16_11_44_24961194,127245,Processed,Rudder,Unknown Manufacturer,1,255,2,1,8,0x00F8FF7F5FB8FFFF
976,6_21_2015_16_11_44_24961201,129284,Processed,Navigation Data,Unknown Manufacturer,4,255,3,0,34,0xFFFFFFFFFF0FFFFFFFFFFFFFFFFFFFFFFFFFFFFFFFFFFFFFFFFFFF7FFFFFFF7FFF7F
977,6_21_2015_16_11_44_24961209,129283,Processed,Cross Track Error,Unknown Manufacturer,4,255,3,1,8,0xFFFFFFFFFF7FFFFF
978,6_21_2015_16_11_44_24961248,127508,Processed,Battery Status,Unknown Manufacturer,6,255,2,1,8,0x017505FF7FFFFFFF
979,6_21_2015_16_11_44_24961278,127258,Unprocessed,Magnetic Variation,Unknown Manufacturer,9,255,6,1,6,0xFFFFDF40FF7F
980,6_21_2015_16_11_44_24961288,127250,Processed,Vessel Heading,Unknown Manufacturer,1,255,2,1,8,0xFF6C7AFF7FFF7FFD
981,6_21_2015_16_11_44_24961295,127245,Processed,Rudder,Unknown Manufacturer,1,255,2,1,8,0x00F8FF7F5FB8FFFF
982,6_21_2015_16_11_44_24961348,127508,Processed,Battery Status,Unknown Manufacturer,6,255,2,1,8,0x017505FF7FFFFFFF
983,6_21_2015_16_11_44_24961389,127250,Processed,Vessel Heading,Unknown Manufacturer,1,255,2,1,8,0xFF6C7AFF7FFF7FFD
984,6_21_2015_16_11_44_24961396,127245,Processed,Rudder,Unknown Manufacturer,1,255,2,1,8,0x00F8FF7F5FB8FFFF
985,6_21_2015_16_11_44_24961448,127508,Processed,Battery Status,Unknown Manufacturer,6,255,2,1,8,0x017505FF7FFFFFFF
986,6_21_2015_16_11_44_24961490,127250,Processed,Vessel Heading,Unknown Manufacturer,1,255,2,1,8,0xFF6C7AFF7FFF7FFD
987,6_21_2015_16_11_44_24961497,127245,Processed,Rudder,Unknown Manufacturer,1,255,2,1,8,0x00F8FF7F5FB8FFFF
988,6_21_2015_16_11_44_24961548,127508,Processed,Battery Status,Unknown Manufacturer,6,255,2,1,8,0x017505FF7FFFFFFF
989,6_21_2015_16_11_44_24961591,127250,Processed,Vessel Heading,Unknown Manufacturer,1,255,2,1,8,0xFF6B7AFF7FFF7FFD
990,6_21_2015_16_11_44_24961598,127245,Processed,Rudder,Unknown Manufacturer,1,255,2,1,8,0x00F8FF7F5FB8FFFF
991,6_21_2015_16_11_44_24961648,127508,Processed,Battery Status,Unknown Manufacturer,6,255,2,1,8,0x017505FF7FFFFFFF
992,6_21_2015_16_11_44_24961691,127250,Processed,Vessel Heading,Unknown Manufacturer,1,255,2,1,8,0xFF6B7AFF7FFF7FFD
993,6_21_2015_16_11_44_24961698,127245,Processed,Rudder,Unknown Manufacturer,1,255,2,1,8,0x00F8FF7F5FB8FFFF
994,6_21_2015_16_11_44_24961748,127508,Processed,Battery Status,Unknown Manufacturer,6,255,2,1,8,0x017505FF7FFFFFFF
995,6_21_2015_16_11_44_24961792,127250,Processed,Vessel Heading,Unknown Manufacturer,1,255,2,1,8,0xFF6A7AFF7FFF7FFD
996,6_21_2015_16_11_44_24961801,127245,Processed,Rudder,Unknown Manufacturer,1,255,2,1,8,0x00F8FF7F5FB8FFFF
997,6_21_2015_16_11_44_24961848,127508,Processed,Battery Status,Unknown Manufacturer,6,255,2,1,8,0x017505FF7FFFFFFF
998,6_21_2015_16_11_44_24961893,127250,Processed,Vessel Heading,Unknown Manufacturer,1,255,2,1,8,0xFF6A7AFF7FFF7FFD
999,6_21_2015_16_11_44_24961900,127245,Processed,Rudder,Unknown Manufacturer,1,255,2,1,8,0x00F8FF7F5FB8FFFF
1000,6_21_2015_16_11_44_24961948,127508,Processed,Battery Status,Unknown Manufacturer,6,255,2,1,8,0x017505FF7FFFFFFF
1001,6_21_2015_16_11_44_24961993,127250,Processed,Vessel Heading,Unknown Manufacturer,1,255,2,1,8,0xFF6B7AFF7FFF7FFD
1002,6_21_2015_16_11_44_24962000,127245,Processed,Rudder,Unknown Manufacturer,1,255,2,1,8,0x00F8FF7F5FB8FFFF
1003,6_21_2015_16_11_44_24962048,127508,Processed,Battery Status,Unknown Manufacturer,6,255,2,1,8,0x017505FF7FFFFFFF
1004,6_21_2015_16_11_44_24962107,127250,Processed,Vessel Heading,Unknown Manufacturer,1,255,2,1,8,0xFF6B7AFF7FFF7FFD
1005,6_21_2015_16_11_44_24962115,127245,Processed,Rudder,Unknown Manufacturer,1,255,2,1,8,0x00F8FF7F5FB8FFFF
1006,6_21_2015_16_11_45_24962148,127508,Processed,Battery Status,Unknown Manufacturer,6,255,2,1,8,0x017505FF7FFFFFFF
1007,6_21_2015_16_11_45_24962195,127250,Processed,Vessel Heading,Unknown Manufacturer,1,255,2,1,8,0xFF6B7AFF7FFF7FFD
1008,6_21_2015_16_11_45_24962201,127245,Processed,Rudder,Unknown Manufacturer,1,255,2,1,8,0x00F8FF7F5FB8FFFF
1009,6_21_2015_16_11_45_24962248,127508,Processed,Battery Status,Unknown Manufacturer,6,255,2,1,8,0x017505FF7FFFFFFF
1010,6_21_2015_16_11_45_24962279,127258,Unprocessed,Magnetic Variation,Unknown Manufacturer,9,255,6,1,6,0xFFFFDF40FF7F
1011,6_21_2015_16_11_45_24962295,127250,Processed,Vessel Heading,Unknown Manufacturer,1,255,2,1,8,0xFF6B7AFF7FFF7FFD
1012,6_21_2015_16_11_45_24962302,127245,Processed,Rudder,Unknown Manufacturer,1,255,2,1,8,0x00F8FF7F5FB8FFFF
1013,6_21_2015_16_11_45_24962348,127508,Processed,Battery Status,Unknown Manufacturer,6,255,2,1,8,0x017505FF7FFFFFFF
1014,6_21_2015_16_11_45_24962388,129284,Processed,Navigation Data,Unknown Manufacturer,4,255,3,0,34,0xFFFFFFFFFF0FFFFFFFFFFFFFFFFFFFFFFFFFFFFFFFFFFFFFFFFFFF7FFFFFFF7FFF7F
1015,6_21_2015_16_11_45_24962396,129283,Processed,Cross Track Error,Unknown Manufacturer,4,255,3,1,8,0xFFFFFFFFFF7FFFFF
1016,6_21_2015_16_11_45_24962402,127250,Processed,Vessel Heading,Unknown Manufacturer,1,255,2,1,8,0xFF6C7AFF7FFF7FFD
1017,6_21_2015_16_11_45_24962409,127245,Processed,Rudder,Unknown Manufacturer,1,255,2,1,8,0x00F8FF7F5FB8FFFF
1018,6_21_2015_16_11_45_24962448,127508,Processed,Battery Status,Unknown Manufacturer,6,255,2,1,8,0x017505FF7FFFFFFF
1019,6_21_2015_16_11_45_24962497,127250,Processed,Vessel Heading,Unknown Manufacturer,1,255,2,1,8,0xFF6C7AFF7FFF7FFD
1020,6_21_2015_16_11_45_24962504,127245,Processed,Rudder,Unknown Manufacturer,1,255,2,1,8,0x00F8FF7F5FB8FFFF
1021,6_21_2015_16_11_45_24962548,127508,Processed,Battery Status,Unknown Manufacturer,6,255,2,1,8,0x017205FF7FFFFFFF
1022,6_21_2015_16_11_45_24962598,127250,Processed,Vessel Heading,Unknown Manufacturer,1,255,2,1,8,0xFF6C7AFF7FFF7FFD
1023,6_21_2015_16_11_45_24962605,127245,Processed,Rudder,Unknown Manufacturer,1,255,2,1,8,0x00F8FF7F5FB8FFFF
1024,6_21_2015_16_11_45_24962648,127508,Processed,Battery Status,Unknown Manufacturer,6,255,2,1,8,0x017505FF7FFFFFFF
1025,6_21_2015_16_11_45_24962698,127250,Processed,Vessel Heading,Unknown Manufacturer,1,255,2,1,8,0xFF6C7AFF7FFF7FFD
1026,6_21_2015_16_11_45_24962705,127245,Processed,Rudder,Unknown Manufacturer,1,255,2,1,8,0x00F8FF7F5FB8FFFF
1027,6_21_2015_16_11_45_24962748,127508,Processed,Battery Status,Unknown Manufacturer,6,255,2,1,8,0x017505FF7FFFFFFF
1028,6_21_2015_16_11_45_24962799,127250,Processed,Vessel Heading,Unknown Manufacturer,1,255,2,1,8,0xFF6C7AFF7FFF7FFD
1029,6_21_2015_16_11_45_24962806,127245,Processed,Rudder,Unknown Manufacturer,1,255,2,1,8,0x00F8FF7F5FB8FFFF
1030,6_21_2015_16_11_45_24962848,127508,Processed,Battery Status,Unknown Manufacturer,6,255,2,1,8,0x017505FF7FFFFFFF
1031,6_21_2015_16_11_45_24962900,127250,Processed,Vessel Heading,Unknown Manufacturer,1,255,2,1,8,0xFF6C7AFF7FFF7FFD
1032,6_21_2015_16_11_45_24962909,127245,Processed,Rudder,Unknown Manufacturer,1,255,2,1,8,0x00F8FF7F5FB8FFFF
1033,6_21_2015_16_11_45_24962948,127508,Processed,Battery Status,Unknown Manufacturer,6,255,2,1,8,0x017505FF7FFFFFFF
1034,6_21_2015_16_11_45_24963000,127250,Processed,Vessel Heading,Unknown Manufacturer,1,255,2,1,8,0xFF6D7AFF7FFF7FFD
1035,6_21_2015_16_11_45_24963008,127245,Processed,Rudder,Unknown Manufacturer,1,255,2,1,8,0x00F8FF7F5FB8FFFF
1036,6_21_2015_16_11_45_24963048,127508,Processed,Battery Status,Unknown Manufacturer,6,255,2,1,8,0x017505FF7FFFFFFF
1037,6_21_2015_16_11_45_24963101,127250,Processed,Vessel Heading,Unknown Manufacturer,1,255,2,1,8,0xFF6D7AFF7FFF7FFD
1038,6_21_2015_16_11_45_24963108,127245,Processed,Rudder,Unknown Manufacturer,1,255,2,1,8,0x00F8FF7F5FB8FFFF
1039,6_21_2015_16_11_46_24963148,127508,Processed,Battery Status,Unknown Manufacturer,6,255,2,1,8,0x017505FF7FFFFFFF
1040,6_21_2015_16_11_46_24963202,127250,Processed,Vessel Heading,Unknown Manufacturer,1,255,2,1,8,0xFF6D7AFF7FFF7FFD
1041,6_21_2015_16_11_46_24963209,127245,Processed,Rudder,Unknown Manufacturer,1,255,2,1,8,0x00F8FF7F5FB8FFFF
1042,6_21_2015_16_11_46_24963248,127508,Processed,Battery Status,Unknown Manufacturer,6,255,2,1,8,0x017505FF7FFFFFFF
1043,6_21_2015_16_11_46_24963278,127258,Unprocessed,Magnetic Variation,Unknown Manufacturer,9,255,6,1,6,0xFFFFDF40FF7F
1044,6_21_2015_16_11_46_24963303,127250,Processed,Vessel Heading,Unknown Manufacturer,1,255,2,1,8,0xFF6E7AFF7FFF7FFD
1045,6_21_2015_16_11_46_24963310,127245,Processed,Rudder,Unknown Manufacturer,1,255,2,1,8,0x00F8FF7F5FB8FFFF
1046,6_21_2015_16_11_46_24963348,127508,Processed,Battery Status,Unknown Manufacturer,6,255,2,1,8,0x017505FF7FFFFFFF
1047,6_21_2015_16_11_46_24963403,127250,Processed,Vessel Heading,Unknown Manufacturer,1,255,2,1,8,0xFF6E7AFF7FFF7FFD
1048,6_21_2015_16_11_46_24963410,127245,Processed,Rudder,Unknown Manufacturer,1,255,2,1,8,0x00F8FF7F5FB8FFFF
1049,6_21_2015_16_11_46_24963448,127508,Processed,Battery Status,Unknown Manufacturer,6,255,2,1,8,0x017505FF7FFFFFFF
1050,6_21_2015_16_11_46_24963504,127250,Processed,Vessel Heading,Unknown Manufacturer,1,255,2,1,8,0xFF6F7AFF7FFF7FFD
1051,6_21_2015_16_11_46_24963511,127245,Processed,Rudder,Unknown Manufacturer,1,255,2,1,8,0x00F8FF7F5FB8FFFF
1052,6_21_2015_16_11_46_24963548,127508,Processed,Battery Status,Unknown Manufacturer,6,255,2,1,8,0x017505FF7FFFFFFF
1053,6_21_2015_16_11_46_24963605,127250,Processed,Vessel Heading,Unknown Manufacturer,1,255,2,1,8,0xFF707AFF7FFF7FFD
1054,6_21_2015_16_11_46_24963613,127245,Processed,Rudder,Unknown Manufacturer,1,255,2,1,8,0x00F8FF7F5FB8FFFF
1055,6_21_2015_16_11_46_24963648,127508,Processed,Battery Status,Unknown Manufacturer,6,255,2,1,8,0x017505FF7FFFFFFF
1056,6_21_2015_16_11_46_24963706,127250,Processed,Vessel Heading,Unknown Manufacturer,1,255,2,1,8,0xFF707AFF7FFF7FFD
1057,6_21_2015_16_11_46_24963713,127245,Processed,Rudder,Unknown Manufacturer,1,255,2,1,8,0x00F8FF7F5FB8FFFF
1058,6_21_2015_16_11_46_24963742,129284,Processed,Navigation Data,Unknown Manufacturer,4,255,3,0,34,0xFFFFFFFFFF0FFFFFFFFFFFFFFFFFFFFFFFFFFFFFFFFFFFFFFFFFFF7FFFFFFF7FFF7F
1059,6_21_2015_16_11_46_24963749,129283,Processed,Cross Track Error,Unknown Manufacturer,4,255,3,1,8,0xFFFFFFFFFF7FFFFF
1060,6_21_2015_16_11_46_24963756,127508,Processed,Battery Status,Unknown Manufacturer,6,255,2,1,8,0x017505FF7FFFFFFF
1061,6_21_2015_16_11_46_24963806,127250,Processed,Vessel Heading,Unknown Manufacturer,1,255,2,1,8,0xFF707AFF7FFF7FFD
1062,6_21_2015_16_11_46_24963815,127245,Processed,Rudder,Unknown Manufacturer,1,255,2,1,8,0x00F8FF7F5FB8FFFF
1063,6_21_2015_16_11_46_24963848,127508,Processed,Battery Status,Unknown Manufacturer,6,255,2,1,8,0x017505FF7FFFFFFF
1064,6_21_2015_16_11_46_24963907,127250,Processed,Vessel Heading,Unknown Manufacturer,1,255,2,1,8,0xFF6F7AFF7FFF7FFD
1065,6_21_2015_16_11_46_24963914,127245,Processed,Rudder,Unknown Manufacturer,1,255,2,1,8,0x00F8FF7F5FB8FFFF
1066,6_21_2015_16_11_46_24963948,127508,Processed,Battery Status,Unknown Manufacturer,6,255,2,1,8,0x017505FF7FFFFFFF
1067,6_21_2015_16_11_46_24964007,127250,Processed,Vessel Heading,Unknown Manufacturer,1,255,2,1,8,0xFF6F7AFF7FFF7FFD
1068,6_21_2015_16_11_46_24964013,127245,Processed,Rudder,Unknown Manufacturer,1,255,2,1,8,0x00F8FF7F5FB8FFFF
1069,6_21_2015_16_11_46_24964048,127508,Processed,Battery Status,Unknown Manufacturer,6,255,2,1,8,0x017505FF7FFFFFFF
1070,6_21_2015_16_11_46_24964108,127250,Processed,Vessel Heading,Unknown Manufacturer,1,255,2,1,8,0xFF6F7AFF7FFF7FFD
1071,6_21_2015_16_11_46_24964115,127245,Processed,Rudder,Unknown Manufacturer,1,255,2,1,8,0x00F8FF7F5FB8FFFF
1072,6_21_2015_16_11_47_24964148,127508,Processed,Battery Status,Unknown Manufacturer,6,255,2,1,8,0x017505FF7FFFFFFF
1073,6_21_2015_16_11_47_24964209,127250,Processed,Vessel Heading,Unknown Manufacturer,1,255,2,1,8,0xFF6F7AFF7FFF7FFD
1074,6_21_2015_16_11_47_24964217,127245,Processed,Rudder,Unknown Manufacturer,1,255,2,1,8,0x00F8FF7F5FB8FFFF
1075,6_21_2015_16_11_47_24964248,127508,Processed,Battery Status,Unknown Manufacturer,6,255,2,1,8,0x017505FF7FFFFFFF
1076,6_21_2015_16_11_47_24964278,127258,Unprocessed,Magnetic Variation,Unknown Manufacturer,9,255,6,1,6,0xFFFFDF40FF7F
1077,6_21_2015_16_11_47_24964310,127250,Processed,Vessel Heading,Unknown Manufacturer,1,255,2,1,8,0xFF6F7AFF7FFF7FFD
1078,6_21_2015_16_11_47_24964318,127245,Processed,Rudder,Unknown Manufacturer,1,255,2,1,8,0x00F8FF7F5FB8FFFF
1079,6_21_2015_16_11_47_24964348,127508,Processed,Battery Status,Unknown Manufacturer,6,255,2,1,8,0x017505FF7FFFFFFF
1080,6_21_2015_16_11_47_24964410,127250,Processed,Vessel Heading,Unknown Manufacturer,1,255,2,1,8,0xFF6F7AFF7FFF7FFD
1081,6_21_2015_16_11_47_24964418,127245,Processed,Rudder,Unknown Manufacturer,1,255,2,1,8,0x00F8FF7F5FB8FFFF
1082,6_21_2015_16_11_47_24964448,127508,Processed,Battery Status,Unknown Manufacturer,6,255,2,1,8,0x017505FF7FFFFFFF
1083,6_21_2015_16_11_47_24964511,127250,Processed,Vessel Heading,Unknown Manufacturer,1,255,2,1,8,0xFF6F7AFF7FFF7FFD
1084,6_21_2015_16_11_47_24964517,127245,Processed,Rudder,Unknown Manufacturer,1,255,2,1,8,0x00F8FF7F5FB8FFFF
1085,6_21_2015_16_11_47_24964548,127508,Processed,Battery Status,Unknown Manufacturer,6,255,2,1,8,0x017505FF7FFFFFFF
1086,6_21_2015_16_11_47_24964612,127250,Processed,Vessel Heading,Unknown Manufacturer,1,255,2,1,8,0xFF707AFF7FFF7FFD
1087,6_21_2015_16_11_47_24964619,127245,Processed,Rudder,Unknown Manufacturer,1,255,2,1,8,0x00F8FF7F5FB8FFFF
1088,6_21_2015_16_11_47_24964648,127508,Processed,Battery Status,Unknown Manufacturer,6,255,2,1,8,0x017505FF7FFFFFFF
1089,6_21_2015_16_11_47_24964713,127250,Processed,Vessel Heading,Unknown Manufacturer,1,255,2,1,8,0xFF707AFF7FFF7FFD
1090,6_21_2015_16_11_47_24964721,127245,Processed,Rudder,Unknown Manufacturer,1,255,2,1,8,0x00F8FF7F5FB8FFFF
1091,6_21_2015_16_11_47_24964748,127508,Processed,Battery Status,Unknown Manufacturer,6,255,2,1,8,0x017505FF7FFFFFFF
1092,6_21_2015_16_11_47_24964813,127250,Processed,Vessel Heading,Unknown Manufacturer,1,255,2,1,8,0xFF717AFF7FFF7FFD
1093,6_21_2015_16_11_47_24964821,127245,Processed,Rudder,Unknown Manufacturer,1,255,2,1,8,0x00F8FF7F5FB8FFFF
1094,6_21_2015_16_11_47_24964848,127508,Processed,Battery Status,Unknown Manufacturer,6,255,2,1,8,0x017505FF7FFFFFFF
1095,6_21_2015_16_11_47_24964914,127250,Processed,Vessel Heading,Unknown Manufacturer,1,255,2,1,8,0xFF717AFF7FFF7FFD
1096,6_21_2015_16_11_47_24964920,127245,Processed,Rudder,Unknown Manufacturer,1,255,2,1,8,0x00F8FF7F5FB8FFFF
1097,6_21_2015_16_11_47_24964939,129284,Processed,Navigation Data,Unknown Manufacturer,4,255,3,0,34,0xFFFFFFFFFF0FFFFFFFFFFFFFFFFFFFFFFFFFFFFFFFFFFFFFFFFFFF7FFFFFFF7FFF7F
1098,6_21_2015_16_11_47_24964947,129283,Processed,Cross Track Error,Unknown Manufacturer,4,255,3,1,8,0xFFFFFFFFFF7FFFFF
1099,6_21_2015_16_11_47_24964954,127508,Processed,Battery Status,Unknown Manufacturer,6,255,2,1,8,0x017505FF7FFFFFFF
1100,6_21_2015_16_11_47_24965015,127250,Processed,Vessel Heading,Unknown Manufacturer,1,255,2,1,8,0xFF717AFF7FFF7FFD
1101,6_21_2015_16_11_47_24965022,127245,Processed,Rudder,Unknown Manufacturer,1,255,2,1,8,0x00F8FF7F5FB8FFFF
1102,6_21_2015_16_11_47_24965048,127508,Processed,Battery Status,Unknown Manufacturer,6,255,2,1,8,0x017505FF7FFFFFFF
1103,6_21_2015_16_11_47_24965115,127250,Processed,Vessel Heading,Unknown Manufacturer,1,255,2,1,8,0xFF727AFF7FFF7FFD
1104,6_21_2015_16_11_48_24965121,127245,Processed,Rudder,Unknown Manufacturer,1,255,2,1,8,0x00F8FF7F5FB8FFFF
1105,6_21_2015_16_11_48_24965148,127508,Processed,Battery Status,Unknown Manufacturer,6,255,2,1,8,0x017505FF7FFFFFFF
1106,6_21_2015_16_11_48_24965216,127250,Processed,Vessel Heading,Unknown Manufacturer,1,255,2,1,8,0xFF717AFF7FFF7FFD
1107,6_21_2015_16_11_48_24965223,127245,Processed,Rudder,Unknown Manufacturer,1,255,2,1,8,0x00F8FF7F5FB8FFFF
1108,6_21_2015_16_11_48_24965248,127508,Processed,Battery Status,Unknown Manufacturer,6,255,2,1,8,0x017505FF7FFFFFFF
1109,6_21_2015_16_11_48_24965278,127258,Unprocessed,Magnetic Variation,Unknown Manufacturer,9,255,6,1,6,0xFFFFDF40FF7F
1110,6_21_2015_16_11_48_24965317,127250,Processed,Vessel Heading,Unknown Manufacturer,1,255,2,1,8,0xFF737AFF7FFF7FFD
1111,6_21_2015_16_11_48_24965324,127245,Processed,Rudder,Unknown Manufacturer,1,255,2,1,8,0x00F8FF7F5FB8FFFF
1112,6_21_2015_16_11_48_24965348,127508,Processed,Battery Status,Unknown Manufacturer,6,255,2,1,8,0x017505FF7FFFFFFF
1113,6_21_2015_16_11_48_24965417,127250,Processed,Vessel Heading,Unknown Manufacturer,1,255,2,1,8,0xFF737AFF7FFF7FFD
1114,6_21_2015_16_11_48_24965425,127245,Processed,Rudder,Unknown Manufacturer,1,255,2,1,8,0x00F8FF7F5FB8FFFF
1115,6_21_2015_16_11_48_24965448,127508,Processed,Battery Status,Unknown Manufacturer,6,255,2,1,8,0x017505FF7FFFFFFF
1116,6_21_2015_16_11_48_24965518,127250,Processed,Vessel Heading,Unknown Manufacturer,1,255,2,1,8,0xFF737AFF7FFF7FFD
1117,6_21_2015_16_11_48_24965526,127245,Processed,Rudder,Unknown Manufacturer,1,255,2,1,8,0x00F8FF7F5FB8FFFF
1118,6_21_2015_16_11_48_24965548,127508,Processed,Battery Status,Unknown Manufacturer,6,255,2,1,8,0x017505FF7FFFFFFF
1119,6_21_2015_16_11_48_24965619,127250,Processed,Vessel Heading,Unknown Manufacturer,1,255,2,1,8,0xFF737AFF7FFF7FFD
1120,6_21_2015_16_11_48_24965628,127245,Processed,Rudder,Unknown Manufacturer,1,255,2,1,8,0x00F8FF7F5FB8FFFF
1121,6_21_2015_16_11_48_24965684,127508,Processed,Battery Status,Unknown Manufacturer,6,255,2,1,8,0x017505FF7FFFFFFF
1122,6_21_2015_16_11_48_24965720,127250,Processed,Vessel Heading,Unknown Manufacturer,1,255,2,1,8,0xFF747AFF7FFF7FFD
1123,6_21_2015_16_11_48_24965726,127245,Processed,Rudder,Unknown Manufacturer,1,255,2,1,8,0x00F8FF7F5FB8FFFF
1124,6_21_2015_16_11_48_24965748,127508,Processed,Battery Status,Unknown Manufacturer,6,255,2,1,8,0x017505FF7FFFFFFF
1125,6_21_2015_16_11_48_24965820,127250,Processed,Vessel Heading,Unknown Manufacturer,1,255,2,1,8,0xFF747AFF7FFF7FFD
1126,6_21_2015_16_11_48_24965828,127245,Processed,Rudder,Unknown Manufacturer,1,255,2,1,8,0x00F8FF7F5FB8FFFF
1127,6_21_2015_16_11_48_24965848,127508,Processed,Battery Status,Unknown Manufacturer,6,255,2,1,8,0x017505FF7FFFFFFF
1128,6_21_2015_16_11_48_24965921,127250,Processed,Vessel Heading,Unknown Manufacturer,1,255,2,1,8,0xFF757AFF7FFF7FFD
1129,6_21_2015_16_11_48_24965930,127245,Processed,Rudder,Unknown Manufacturer,1,255,2,1,8,0x00F8FF7F5FB8FFFF
1130,6_21_2015_16_11_48_24965948,127508,Processed,Battery Status,Unknown Manufacturer,6,255,2,1,8,0x017505FF7FFFFFFF
1131,6_21_2015_16_11_48_24966022,127250,Processed,Vessel Heading,Unknown Manufacturer,1,255,2,1,8,0xFF757AFF7FFF7FFD
1132,6_21_2015_16_11_48_24966027,127245,Processed,Rudder,Unknown Manufacturer,1,255,2,1,8,0x00F8FF7F5FB8FFFF
1133,6_21_2015_16_11_48_24966048,127508,Processed,Battery Status,Unknown Manufacturer,6,255,2,1,8,0x017505FF7FFFFFFF
1134,6_21_2015_16_11_49_24966122,127250,Processed,Vessel Heading,Unknown Manufacturer,1,255,2,1,8,0xFF757AFF7FFF7FFD
1135,6_21_2015_16_11_49_24966128,127245,Processed,Rudder,Unknown Manufacturer,1,255,2,1,8,0x00F8FF7F5FB8FFFF
1136,6_21_2015_16_11_49_24966148,127508,Processed,Battery Status,Unknown Manufacturer,6,255,2,1,8,0x017505FF7FFFFFFF
1137,6_21_2015_16_11_49_24966189,129284,Processed,Navigation Data,Unknown Manufacturer,4,255,3,0,34,0xFFFFFFFFFF0FFFFFFFFFFFFFFFFFFFFFFFFFFFFFFFFFFFFFFFFFFF7FFFFFFF7FFF7F
1138,6_21_2015_16_11_49_24966200,129283,Processed,Cross Track Error,Unknown Manufacturer,4,255,3,1,8,0xFFFFFFFFFF7FFFFF
1139,6_21_2015_16_11_49_24966223,127250,Processed,Vessel Heading,Unknown Manufacturer,1,255,2,1,8,0xFF777AFF7FFF7FFD
1140,6_21_2015_16_11_49_24966229,127245,Processed,Rudder,Unknown Manufacturer,1,255,2,1,8,0x00F8FF7F5FB8FFFF
1141,6_21_2015_16_11_49_24966248,127508,Processed,Battery Status,Unknown Manufacturer,6,255,2,1,8,0x017505FF7FFFFFFF
1142,6_21_2015_16_11_49_24966278,127258,Unprocessed,Magnetic Variation,Unknown Manufacturer,9,255,6,1,6,0xFFFFDF40FF7F
1143,6_21_2015_16_11_49_24966324,127250,Processed,Vessel Heading,Unknown Manufacturer,1,255,2,1,8,0xFF787AFF7FFF7FFD
1144,6_21_2015_16_11_49_24966330,127245,Processed,Rudder,Unknown Manufacturer,1,255,2,1,8,0x00F8FF7F5FB8FFFF
1145,6_21_2015_16_11_49_24966348,127508,Processed,Battery Status,Unknown Manufacturer,6,255,2,1,8,0x017505FF7FFFFFFF
1146,6_21_2015_16_11_49_24966425,127250,Processed,Vessel Heading,Unknown Manufacturer,1,255,2,1,8,0xFF787AFF7FFF7FFD
1147,6_21_2015_16_11_49_24966430,127245,Processed,Rudder,Unknown Manufacturer,1,255,2,1,8,0x00F8FF7F5FB8FFFF
1148,6_21_2015_16_11_49_24966448,127508,Processed,Battery Status,Unknown Manufacturer,6,255,2,1,8,0x017505FF7FFFFFFF
1149,6_21_2015_16_11_49_24966525,127250,Processed,Vessel Heading,Unknown Manufacturer,1,255,2,1,8,0xFF797AFF7FFF7FFD
1150,6_21_2015_16_11_49_24966533,127245,Processed,Rudder,Unknown Manufacturer,1,255,2,1,8,0x00F8FF7F5FB8FFFF
1151,6_21_2015_16_11_49_24966548,127508,Processed,Battery Status,Unknown Manufacturer,6,255,2,1,8,0x017505FF7FFFFFFF
1152,6_21_2015_16_11_49_24966626,127250,Processed,Vessel Heading,Unknown Manufacturer,1,255,2,1,8,0xFF797AFF7FFF7FFD
1153,6_21_2015_16_11_49_24966634,127245,Processed,Rudder,Unknown Manufacturer,1,255,2,1,8,0x00F8FF7F5FB8FFFF
1154,6_21_2015_16_11_49_24966648,127508,Processed,Battery Status,Unknown Manufacturer,6,255,2,1,8,0x017505FF7FFFFFFF
1155,6_21_2015_16_11_49_24966727,127250,Processed,Vessel Heading,Unknown Manufacturer,1,255,2,1,8,0xFF797AFF7FFF7FFD
1156,6_21_2015_16_11_49_24966732,127245,Processed,Rudder,Unknown Manufacturer,1,255,2,1,8,0x00F8FF7F5FB8FFFF
1157,6_21_2015_16_11_49_24966748,127508,Processed,Battery Status,Unknown Manufacturer,6,255,2,1,8,0x017505FF7FFFFFFF
1158,6_21_2015_16_11_49_24966827,127250,Processed,Vessel Heading,Unknown Manufacturer,1,255,2,1,8,0xFF797AFF7FFF7FFD
1159,6_21_2015_16_11_49_24966835,127245,Processed,Rudder,Unknown Manufacturer,1,255,2,1,8,0x00F8FF7F5FB8FFFF
1160,6_21_2015_16_11_49_24966848,127508,Processed,Battery Status,Unknown Manufacturer,6,255,2,1,8,0x017505FF7FFFFFFF
1161,6_21_2015_16_11_49_24966928,127250,Processed,Vessel Heading,Unknown Manufacturer,1,255,2,1,8,0xFF797AFF7FFF7FFD
1162,6_21_2015_16_11_49_24966935,127245,Processed,Rudder,Unknown Manufacturer,1,255,2,1,8,0x00F8FF7F5FB8FFFF
1163,6_21_2015_16_11_49_24966948,127508,Processed,Battery Status,Unknown Manufacturer,6,255,2,1,8,0x017505FF7FFFFFFF
1164,6_21_2015_16_11_49_24967029,127250,Processed,Vessel Heading,Unknown Manufacturer,1,255,2,1,8,0xFF797AFF7FFF7FFD
1165,6_21_2015_16_11_49_24967037,127245,Processed,Rudder,Unknown Manufacturer,1,255,2,1,8,0x00F8FF7F5FB8FFFF
1166,6_21_2015_16_11_49_24967044,59904,Processed,ISO Request,Unknown Manufacturer,9,255,6,1,3,0x00EE00
1167,6_21_2015_16_11_49_24967050,60928,Processed,ISO IOP_N2K_ADDR Claim,Unknown Manufacturer,6,255,6,1,8,0x8CAEB71C00AAA0C0
1168,6_21_2015_16_11_49_24967056,127508,Processed,Battery Status,Unknown Manufacturer,6,255,2,1,8,0x017505FF7FFFFFFF
1169,6_21_2015_16_11_49_24967065,60928,Processed,ISO IOP_N2K_ADDR Claim,Unknown Manufacturer,4,255,6,1,8,0xF053BD1C00CD78C0
1170,6_21_2015_16_11_49_24967087,60928,Processed,ISO IOP_N2K_ADDR Claim,Unknown Manufacturer,1,255,6,1,8,0x80AAA41C009650C0
1171,6_21_2015_16_11_50_24967130,127250,Processed,Vessel Heading,Unknown Manufacturer,1,255,2,1,8,0xFF797AFF7FFF7FFD
1172,6_21_2015_16_11_50_24967135,127245,Processed,Rudder,Unknown Manufacturer,1,255,2,1,8,0x00F8FF7F5FB8FFFF
1173,6_21_2015_16_11_50_24967148,127508,Processed,Battery Status,Unknown Manufacturer,6,255,2,1,8,0x017505FF7FFFFFFF
1174,6_21_2015_16_11_50_24967230,127250,Processed,Vessel Heading,Unknown Manufacturer,1,255,2,1,8,0xFF797AFF7FFF7FFD
1175,6_21_2015_16_11_50_24967237,127245,Processed,Rudder,Unknown Manufacturer,1,255,2,1,8,0x00F8FF7F5FB8FFFF
1176,6_21_2015_16_11_50_24967248,127508,Processed,Battery Status,Unknown Manufacturer,6,255,2,1,8,0x017505FF7FFFFFFF
1177,6_21_2015_16_11_50_24967278,127258,Unprocessed,Magnetic Variation,Unknown Manufacturer,9,255,6,1,6,0xFFFFDF40FF7F
1178,6_21_2015_16_11_50_24967331,127250,Processed,Vessel Heading,Unknown Manufacturer,1,255,2,1,8,0xFF797AFF7FFF7FFD
1179,6_21_2015_16_11_50_24967337,127245,Processed,Rudder,Unknown Manufacturer,1,255,2,1,8,0x00F8FF7F5FB8FFFF
1180,6_21_2015_16_11_50_24967348,127508,Processed,Battery Status,Garmin,6,255,2,1,8,0x017505FF7FFFFFFF
1181,6_21_2015_16_11_50_24967432,127250,Processed,Vessel Heading,Garmin,1,255,2,1,8,0xFF787AFF7FFF7FFD
1182,6_21_2015_16_11_50_24967439,127245,Processed,Rudder,Garmin,1,255,2,1,8,0x00F8FF7F5FB8FFFF
1183,6_21_2015_16_11_50_24967445,129284,Processed,Navigation Data,Garmin,4,255,3,0,34,0xFFFFFFFFFF0FFFFFFFFFFFFFFFFFFFFFFFFFFFFFFFFFFFFFFFFFFF7FFFFFFF7FFF7F
1184,6_21_2015_16_11_50_24967451,127508,Processed,Battery Status,Garmin,6,255,2,1,8,0x017505FF7FFFFFFF
1185,6_21_2015_16_11_50_24967460,129283,Processed,Cross Track Error,Garmin,4,255,3,1,8,0xFFFFFFFFFF7FFFFF
1186,6_21_2015_16_11_50_24967532,127250,Processed,Vessel Heading,Garmin,1,255,2,1,8,0xFF787AFF7FFF7FFD
1187,6_21_2015_16_11_50_24967539,127245,Processed,Rudder,Garmin,1,255,2,1,8,0x00F8FF7F5FB8FFFF
1188,6_21_2015_16_11_50_24967548,127508,Processed,Battery Status,Garmin,6,255,2,1,8,0x017505FF7FFFFFFF
1189,6_21_2015_16_11_50_24967633,127250,Processed,Vessel Heading,Garmin,1,255,2,1,8,0xFF797AFF7FFF7FFD
1190,6_21_2015_16_11_50_24967641,127245,Processed,Rudder,Garmin,1,255,2,1,8,0x00F8FF7F5FB8FFFF
1191,6_21_2015_16_11_50_24967648,127508,Processed,Battery Status,Garmin,6,255,2,1,8,0x017505FF7FFFFFFF
1192,6_21_2015_16_11_50_24967734,127250,Processed,Vessel Heading,Garmin,1,255,2,1,8,0xFF7A7AFF7FFF7FFD
1193,6_21_2015_16_11_50_24967742,127245,Processed,Rudder,Garmin,1,255,2,1,8,0x00F8FF7F5FB8FFFF
1194,6_21_2015_16_11_50_24967749,127508,Processed,Battery Status,Garmin,6,255,2,1,8,0x017505FF7FFFFFFF
1195,6_21_2015_16_11_50_24967835,127250,Processed,Vessel Heading,Garmin,1,255,2,1,8,0xFF7A7AFF7FFF7FFD
1196,6_21_2015_16_11_50_24967842,127245,Processed,Rudder,Garmin,1,255,2,1,8,0x00F8FF7F5FB8FFFF
1197,6_21_2015_16_11_50_24967850,127508,Processed,Battery Status,Garmin,6,255,2,1,8,0x017505FF7FFFFFFF
1198,6_21_2015_16_11_50_24967935,127250,Processed,Vessel Heading,Garmin,1,255,2,1,8,0xFF7B7AFF7FFF7FFD
1199,6_21_2015_16_11_50_24967941,127245,Processed,Rudder,Garmin,1,255,2,1,8,0x00F8FF7F5FB8FFFF
1200,6_21_2015_16_11_50_24967948,127508,Processed,Battery Status,Garmin,6,255,2,1,8,0x017505FF7FFFFFFF
1201,6_21_2015_16_11_50_24968036,127250,Processed,Vessel Heading,Garmin,1,255,2,1,8,0xFF7B7AFF7FFF7FFD
1202,6_21_2015_16_11_50_24968043,127245,Processed,Rudder,Garmin,1,255,2,1,8,0x00F8FF7F5FB8FFFF
1203,6_21_2015_16_11_50_24968049,127508,Processed,Battery Status,Garmin,6,255,2,1,8,0x017505FF7FFFFFFF
1204,6_21_2015_16_11_51_24968137,127250,Processed,Vessel Heading,Garmin,1,255,2,1,8,0xFF7B7AFF7FFF7FFD
1205,6_21_2015_16_11_51_24968145,127245,Processed,Rudder,Garmin,1,255,2,1,8,0x00F8FF7F5FB8FFFF
1206,6_21_2015_16_11_51_24968151,127508,Processed,Battery Status,Garmin,6,255,2,1,8,0x017505FF7FFFFFFF
1207,6_21_2015_16_11_51_24968237,127250,Processed,Vessel Heading,Garmin,1,255,2,1,8,0xFF7C7AFF7FFF7FFD
1208,6_21_2015_16_11_51_24968245,127245,Processed,Rudder,Garmin,1,255,2,1,8,0x00F8FF7F5FB8FFFF
1209,6_21_2015_16_11_51_24968253,127508,Processed,Battery Status,Garmin,6,255,2,1,8,0x017505FF7FFFFFFF
1210,6_21_2015_16_11_51_24968278,127258,Unprocessed,Magnetic Variation,Unknown Manufacturer,9,255,6,1,6,0xFFFFDF40FF7F
1211,6_21_2015_16_11_51_24968338,127250,Processed,Vessel Heading,Garmin,1,255,2,1,8,0xFF7D7AFF7FFF7FFD
1212,6_21_2015_16_11_51_24968349,127245,Processed,Rudder,Garmin,1,255,2,1,8,0x00F8FF7F5FB8FFFF
1213,6_21_2015_16_11_51_24968357,127508,Processed,Battery Status,Garmin,6,255,2,1,8,0x017505FF7FFFFFFF
1214,6_21_2015_16_11_51_24968439,127250,Processed,Vessel Heading,Garmin,1,255,2,1,8,0xFF7C7AFF7FFF7FFD
1215,6_21_2015_16_11_51_24968444,127245,Processed,Rudder,Garmin,1,255,2,1,8,0x00F8FF7F5FB8FFFF
1216,6_21_2015_16_11_51_24968451,127508,Processed,Battery Status,Garmin,6,255,2,1,8,0x017505FF7FFFFFFF
1217,6_21_2015_16_11_51_24968539,127250,Processed,Vessel Heading,Garmin,1,255,2,1,8,0xFF7D7AFF7FFF7FFD
1218,6_21_2015_16_11_51_24968547,127245,Processed,Rudder,Garmin,1,255,2,1,8,0x00F8FF7F5FB8FFFF
1219,6_21_2015_16_11_51_24968553,127508,Processed,Battery Status,Garmin,6,255,2,1,8,0x017505FF7FFFFFFF
1220,6_21_2015_16_11_51_24968589,129284,Processed,Navigation Data,Garmin,4,255,3,0,34,0xFFFFFFFFFF0FFFFFFFFFFFFFFFFFFFFFFFFFFFFFFFFFFFFFFFFFFF7FFFFFFF7FFF7F
1221,6_21_2015_16_11_51_24968597,129283,Processed,Cross Track Error,Garmin,4,255,3,1,8,0xFFFFFFFFFF7FFFFF
1222,6_21_2015_16_11_51_24968640,127250,Processed,Vessel Heading,Garmin,1,255,2,1,8,0xFF7D7AFF7FFF7FFD
1223,6_21_2015_16_11_51_24968646,127245,Processed,Rudder,Garmin,1,255,2,1,8,0x00F8FF7F5FB8FFFF
1224,6_21_2015_16_11_51_24968653,127508,Processed,Battery Status,Garmin,6,255,2,1,8,0x017505FF7FFFFFFF
1225,6_21_2015_16_11_51_24968741,127250,Processed,Vessel Heading,Garmin,1,255,2,1,8,0xFF7D7AFF7FFF7FFD
1226,6_21_2015_16_11_51_24968749,127245,Processed,Rudder,Garmin,1,255,2,1,8,0x00F8FF7F5FB8FFFF
1227,6_21_2015_16_11_51_24968755,127508,Processed,Battery Status,Garmin,6,255,2,1,8,0x017505FF7FFFFFFF
1228,6_21_2015_16_11_51_24968842,127250,Processed,Vessel Heading,Garmin,1,255,2,1,8,0xFF7C7AFF7FFF7FFD
1229,6_21_2015_16_11_51_24968851,127245,Processed,Rudder,Garmin,1,255,2,1,8,0x00F8FF7F5FB8FFFF
1230,6_21_2015_16_11_51_24968858,126996,Processed,Product Information,Garmin,4,255,6,0,134,0x140526474750534D41502034303038000000000000000000000000000000000000000000372E353100000000000000000000000000000000000000000000000000000000312E30000000000000000000000000000000000000000000000000000000000033383439353430353932000000000000000000000000000000000000000000000102
1231,6_21_2015_16_11_51_24968865,127508,Processed,Battery Status,Garmin,6,255,2,1,8,0x017505FF7FFFFFFF
1232,6_21_2015_16_11_51_24968942,127250,Processed,Vessel Heading,Garmin,1,255,2,1,8,0xFF7C7AFF7FFF7FFD
1233,6_21_2015_16_11_51_24968951,127245,Processed,Rudder,Garmin,1,255,2,1,8,0x00F8FF7F5FB8FFFF
1234,6_21_2015_16_11_51_24968958,127508,Processed,Battery Status,Garmin,6,255,2,1,8,0x017505FF7FFFFFFF
1235,6_21_2015_16_11_51_24969043,127250,Processed,Vessel Heading,Garmin,1,255,2,1,8,0xFF7D7AFF7FFF7FFD
1236,6_21_2015_16_11_51_24969051,127245,Processed,Rudder,Garmin,1,255,2,1,8,0x00F8FF7F5FB8FFFF
1237,6_21_2015_16_11_51_24969059,127508,Processed,Battery Status,Garmin,6,255,2,1,8,0x017505FF7FFFFFFF
1238,6_21_2015_16_11_52_24969144,127250,Processed,Vessel Heading,Garmin,1,255,2,1,8,0xFF7C7AFF7FFF7FFD
1239,6_21_2015_16_11_52_24969150,127245,Processed,Rudder,Garmin,1,255,2,1,8,0x00F8FF7F5FB8FFFF
1240,6_21_2015_16_11_52_24969157,127508,Processed,Battery Status,Garmin,6,255,2,1,8,0x017505FF7FFFFFFF
1241,6_21_2015_16_11_52_24969244,127250,Processed,Vessel Heading,Garmin,1,255,2,1,8,0xFF7C7AFF7FFF7FFD
1242,6_21_2015_16_11_52_24969251,127245,Processed,Rudder,Garmin,1,255,2,1,8,0x00F8FF7F5FB8FFFF
1243,6_21_2015_16_11_52_24969258,127508,Processed,Battery Status,Garmin,6,255,2,1,8,0x017505FF7FFFFFFF
1244,6_21_2015_16_11_52_24969278,127258,Unprocessed,Magnetic Variation,Unknown Manufacturer,9,255,6,1,6,0xFFFFDF40FF7F
1245,6_21_2015_16_11_52_24969345,127250,Processed,Vessel Heading,Garmin,1,255,2,1,8,0xFF7C7AFF7FFF7FFD
1246,6_21_2015_16_11_52_24969352,127245,Processed,Rudder,Garmin,1,255,2,1,8,0x00F8FF7F5FB8FFFF
1247,6_21_2015_16_11_52_24969358,127508,Processed,Battery Status,Garmin,6,255,2,1,8,0x017505FF7FFFFFFF
1248,6_21_2015_16_11_52_24969446,127250,Processed,Vessel Heading,Garmin,1,255,2,1,8,0xFF7B7AFF7FFF7FFD
1249,6_21_2015_16_11_52_24969458,127245,Processed,Rudder,Garmin,1,255,2,1,8,0x00F8FF7F5FB8FFFF
1250,6_21_2015_16_11_52_24969465,127508,Processed,Battery Status,Garmin,6,255,2,1,8,0x017505FF7FFFFFFF
1251,6_21_2015_16_11_52_24969547,127250,Processed,Vessel Heading,Garmin,1,255,2,1,8,0xFF7C7AFF7FFF7FFD
1252,6_21_2015_16_11_52_24969557,127245,Processed,Rudder,Garmin,1,255,2,1,8,0x00F8FF7F5FB8FFFF
1253,6_21_2015_16_11_52_24969565,127508,Processed,Battery Status,Garmin,6,255,2,1,8,0x017505FF7FFFFFFF
1254,6_21_2015_16_11_52_24969647,127250,Processed,Vessel Heading,Garmin,1,255,2,1,8,0xFF7D7AFF7FFF7FFD
1255,6_21_2015_16_11_52_24969653,127245,Processed,Rudder,Garmin,1,255,2,1,8,0x00F8FF7F5FB8FFFF
1256,6_21_2015_16_11_52_24969661,127508,Processed,Battery Status,Garmin,6,255,2,1,8,0x017505FF7FFFFFFF
1257,6_21_2015_16_11_52_24969735,129284,Processed,Navigation Data,Garmin,4,255,3,0,34,0xFFFFFFFFFF0FFFFFFFFFFFFFFFFFFFFFFFFFFFFFFFFFFFFFFFFFFF7FFFFFFF7FFF7F
1258,6_21_2015_16_11_52_24969742,129283,Processed,Cross Track Error,Garmin,4,255,3,1,8,0xFFFFFFFFFF7FFFFF
1259,6_21_2015_16_11_52_24969748,127250,Processed,Vessel Heading,Garmin,1,255,2,1,8,0xFF7D7AFF7FFF7FFD
1260,6_21_2015_16_11_52_24969755,127508,Processed,Battery Status,Garmin,6,255,2,1,8,0x017505FF7FFFFFFF
1261,6_21_2015_16_11_52_24969764,127245,Processed,Rudder,Garmin,1,255,2,1,8,0x00F8FF7F5FB8FFFF
1262,6_21_2015_16_11_52_24969848,127508,Processed,Battery Status,Garmin,6,255,2,1,8,0x017505FF7FFFFFFF
1263,6_21_2015_16_11_52_24969855,127250,Processed,Vessel Heading,Garmin,1,255,2,1,8,0xFF7E7AFF7FFF7FFD
1264,6_21_2015_16_11_52_24969863,127245,Processed,Rudder,Garmin,1,255,2,1,8,0x00F8FF7F5FB8FFFF
1265,6_21_2015_16_11_52_24969948,127508,Processed,Battery Status,Garmin,6,255,2,1,8,0x017505FF7FFFFFFF
1266,6_21_2015_16_11_52_24969955,127250,Processed,Vessel Heading,Garmin,1,255,2,1,8,0xFF7E7AFF7FFF7FFD
1267,6_21_2015_16_11_52_24969961,127245,Processed,Rudder,Garmin,1,255,2,1,8,0x00F8FF7F5FB8FFFF
1268,6_21_2015_16_11_52_24969994,126996,Processed,Product Information,Garmin,1,255,6,0,134,0x14055A404748503132000000000000000000000000000000000000000000000000000000322E343000000000000000000000000000000000000000000000000000000000312E30000000000000000000000000000000000000000000000000000000000033383831383732303030000000000000000000000000000000000000000000000102
1269,6_21_2015_16_11_52_24970048,127508,Processed,Battery Status,Garmin,6,255,2,1,8,0x017505FF7FFFFFFF
1270,6_21_2015_16_11_52_24970056,127250,Processed,Vessel Heading,Garmin,1,255,2,1,8,0xFF7D7AFF7FFF7FFD
1271,6_21_2015_16_11_52_24970063,127245,Processed,Rudder,Garmin,1,255,2,1,8,0x00F8FF7F5FB8FFFF
1272,6_21_2015_16_11_53_24970148,127508,Processed,Battery Status,Garmin,6,255,2,1,8,0x017505FF7FFFFFFF
1273,6_21_2015_16_11_53_24970156,127250,Processed,Vessel Heading,Garmin,1,255,2,1,8,0xFF7D7AFF7FFF7FFD
1274,6_21_2015_16_11_53_24970163,127245,Processed,Rudder,Garmin,1,255,2,1,8,0x00F8FF7F5FB8FFFF
1275,6_21_2015_16_11_53_24970248,127508,Processed,Battery Status,Garmin,6,255,2,1,8,0x017505FF7FFFFFFF
1276,6_21_2015_16_11_53_24970256,127250,Processed,Vessel Heading,Garmin,1,255,2,1,8,0xFF7D7AFF7FFF7FFD
1277,6_21_2015_16_11_53_24970264,127245,Processed,Rudder,Garmin,1,255,2,1,8,0x00F8FF7F5FB8FFFF
1278,6_21_2015_16_11_53_24970279,127258,Unprocessed,Magnetic Variation,Unknown Manufacturer,9,255,6,1,6,0xFFFFDF40FF7F
1279,6_21_2015_16_11_53_24970348,127508,Processed,Battery Status,Garmin,6,255,2,1,8,0x017505FF7FFFFFFF
1280,6_21_2015_16_11_53_24970356,127250,Processed,Vessel Heading,Garmin,1,255,2,1,8,0xFF7D7AFF7FFF7FFD
1281,6_21_2015_16_11_53_24970364,127245,Processed,Rudder,Garmin,1,255,2,1,8,0x00F8FF7F5FB8FFFF
1282,6_21_2015_16_11_53_24970448,127508,Processed,Battery Status,Garmin,6,255,2,1,8,0x017505FF7FFFFFFF
1283,6_21_2015_16_11_53_24970456,127250,Processed,Vessel Heading,Garmin,1,255,2,1,8,0xFF7D7AFF7FFF7FFD
1284,6_21_2015_16_11_53_24970463,127245,Processed,Rudder,Garmin,1,255,2,1,8,0x00F8FF7F5FB8FFFF
1285,6_21_2015_16_11_53_24970548,127508,Processed,Battery Status,Garmin,6,255,2,1,8,0x017505FF7FFFFFFF
1286,6_21_2015_16_11_53_24970563,127250,Processed,Vessel Heading,Garmin,1,255,2,1,8,0xFF7E7AFF7FFF7FFD
1287,6_21_2015_16_11_53_24970574,127245,Processed,Rudder,Garmin,1,255,2,1,8,0x00F8FF7F5FB8FFFF
1288,6_21_2015_16_11_53_24970648,127508,Processed,Battery Status,Garmin,6,255,2,1,8,0x017505FF7FFFFFFF
1289,6_21_2015_16_11_53_24970656,127250,Processed,Vessel Heading,Garmin,1,255,2,1,8,0xFF7E7AFF7FFF7FFD
1290,6_21_2015_16_11_53_24970663,127245,Processed,Rudder,Garmin,1,255,2,1,8,0x00F8FF7F5FB8FFFF
1291,6_21_2015_16_11_53_24970739,129284,Processed,Navigation Data,Garmin,4,255,3,0,34,0xFFFFFFFFFF0FFFFFFFFFFFFFFFFFFFFFFFFFFFFFFFFFFFFFFFFFFF7FFFFFFF7FFF7F
1292,6_21_2015_16_11_53_24970746,129283,Processed,Cross Track Error,Garmin,4,255,3,1,8,0xFFFFFFFFFF7FFFFF
1293,6_21_2015_16_11_53_24970753,127508,Processed,Battery Status,Garmin,6,255,2,1,8,0x017505FF7FFFFFFF
1294,6_21_2015_16_11_53_24970761,127250,Processed,Vessel Heading,Garmin,1,255,2,1,8,0xFF7E7AFF7FFF7FFD
1295,6_21_2015_16_11_53_24970768,127245,Processed,Rudder,Garmin,1,255,2,1,8,0x00F8FF7F5FB8FFFF
1296,6_21_2015_16_11_53_24970848,127508,Processed,Battery Status,Garmin,6,255,2,1,8,0x017505FF7FFFFFFF
1297,6_21_2015_16_11_53_24970856,127250,Processed,Vessel Heading,Garmin,1,255,2,1,8,0xFF7E7AFF7FFF7FFD
1298,6_21_2015_16_11_53_24970864,127245,Processed,Rudder,Garmin,1,255,2,1,8,0x00F8FF7F5FB8FFFF
1299,6_21_2015_16_11_53_24970948,127508,Processed,Battery Status,Garmin,6,255,2,1,8,0x017505FF7FFFFFFF
1300,6_21_2015_16_11_53_24970957,127250,Processed,Vessel Heading,Garmin,1,255,2,1,8,0xFF7E7AFF7FFF7FFD
1301,6_21_2015_16_11_53_24970964,127245,Processed,Rudder,Garmin,1,255,2,1,8,0x00F8FF7F5FB8FFFF
1302,6_21_2015_16_11_53_24971048,127508,Processed,Battery Status,Garmin,6,255,2,1,8,0x017505FF7FFFFFFF
1303,6_21_2015_16_11_53_24971057,127250,Processed,Vessel Heading,Garmin,1,255,2,1,8,0xFF7F7AFF7FFF7FFD
1304,6_21_2015_16_11_53_24971066,127245,Processed,Rudder,Garmin,1,255,2,1,8,0x00F8FF7F5FB8FFFF
1305,6_21_2015_16_11_54_24971148,127508,Processed,Battery Status,Garmin,6,255,2,1,8,0x017505FF7FFFFFFF
1306,6_21_2015_16_11_54_24971158,127250,Processed,Vessel Heading,Garmin,1,255,2,1,8,0xFF7F7AFF7FFF7FFD
1307,6_21_2015_16_11_54_24971166,127245,Processed,Rudder,Garmin,1,255,2,1,8,0x00F8FF7F5FB8FFFF
1308,6_21_2015_16_11_54_24971248,127508,Processed,Battery Status,Garmin,6,255,2,1,8,0x017505FF7FFFFFFF
1309,6_21_2015_16_11_54_24971259,127250,Processed,Vessel Heading,Garmin,1,255,2,1,8,0xFF7F7AFF7FFF7FFD
1310,6_21_2015_16_11_54_24971266,127245,Processed,Rudder,Garmin,1,255,2,1,8,0x00F8FF7F5FB8FFFF
1311,6_21_2015_16_11_54_24971278,127258,Unprocessed,Magnetic Variation,Unknown Manufacturer,9,255,6,1,6,0xFFFFDF40FF7F
1312,6_21_2015_16_11_54_24971348,127508,Processed,Battery Status,Garmin,6,255,2,1,8,0x017505FF7FFFFFFF
1313,6_21_2015_16_11_54_24971360,127250,Processed,Vessel Heading,Garmin,1,255,2,1,8,0xFF7F7AFF7FFF7FFD
1314,6_21_2015_16_11_54_24971367,127245,Processed,Rudder,Garmin,1,255,2,1,8,0x00F8FF7F5FB8FFFF
1315,6_21_2015_16_11_54_24971430,126996,Processed,Product Information,Garmin,6,255,6,0,134,0x14055F614742533130000000000000000000000000000000000000000000000000000000322E313000000000000000000000000000000000000000000000000000000000312E30000000000000000000000000000000000000000000000000000000000033383532393731363630000000000000000000000000000000000000000000000102
1316,6_21_2015_16_11_54_24971448,127508,Processed,Battery Status,Garmin,6,255,2,1,8,0x017505FF7FFFFFFF
1317,6_21_2015_16_11_54_24971460,127250,Processed,Vessel Heading,Garmin,1,255,2,1,8,0xFF807AFF7FFF7FFD
1318,6_21_2015_16_11_54_24971467,127245,Processed,Rudder,Garmin,1,255,2,1,8,0x00F8FF7F5FB8FFFF
1319,6_21_2015_16_11_54_24971548,127508,Processed,Battery Status,Garmin,6,255,2,1,8,0x017505FF7FFFFFFF
1320,6_21_2015_16_11_54_24971561,127250,Processed,Vessel Heading,Garmin,1,255,2,1,8,0xFF807AFF7FFF7FFD
1321,6_21_2015_16_11_54_24971569,127245,Processed,Rudder,Garmin,1,255,2,1,8,0x00F8FF7F5FB8FFFF
1322,6_21_2015_16_11_54_24971616,60928,Processed,ISO IOP_N2K_ADDR Claim,Unknown Manufacturer,9,255,6,1,8,0xB0A3B61C0082F0C0
1323,6_21_2015_16_11_54_24971623,60928,Processed,ISO IOP_N2K_ADDR Claim,Garmin,6,255,6,1,8,0x8CAEB71C00AAA0C0
1324,6_21_2015_16_11_54_24971648,127508,Processed,Battery Status,Garmin,6,255,2,1,8,0x017505FF7FFFFFFF
1325,6_21_2015_16_11_54_24971661,127250,Processed,Vessel Heading,Garmin,1,255,2,1,8,0xFF817AFF7FFF7FFD
1326,6_21_2015_16_11_54_24971669,127245,Processed,Rudder,Garmin,1,255,2,1,8,0x00F8FF7F5FB8FFFF
1327,6_21_2015_16_11_54_24971676,60928,Processed,ISO IOP_N2K_ADDR Claim,Garmin,4,255,6,1,8,0xF053BD1C00CD78C0
1328,6_21_2015_16_11_54_24971683,60928,Processed,ISO IOP_N2K_ADDR Claim,Garmin,1,255,6,1,8,0x80AAA41C009650C0
1329,6_21_2015_16_11_54_24971748,127508,Processed,Battery Status,Garmin,6,255,2,1,8,0x017505FF7FFFFFFF
1330,6_21_2015_16_11_54_24971762,127250,Processed,Vessel Heading,Garmin,1,255,2,1,8,0xFF817AFF7FFF7FFD
1331,6_21_2015_16_11_54_24971771,127245,Processed,Rudder,Garmin,1,255,2,1,8,0x00F8FF7F5FB8FFFF
1332,6_21_2015_16_11_54_24971839,129284,Processed,Navigation Data,Garmin,4,255,3,0,34,0xFFFFFFFFFF0FFFFFFFFFFFFFFFFFFFFFFFFFFFFFFFFFFFFFFFFFFF7FFFFFFF7FFF7F
1333,6_21_2015_16_11_54_24971846,129283,Processed,Cross Track Error,Garmin,4,255,3,1,8,0xFFFFFFFFFF7FFFFF
1334,6_21_2015_16_11_54_24971853,127508,Processed,Battery Status,Garmin,6,255,2,1,8,0x017505FF7FFFFFFF
1335,6_21_2015_16_11_54_24971863,127250,Processed,Vessel Heading,Garmin,1,255,2,1,8,0xFF817AFF7FFF7FFD
1336,6_21_2015_16_11_54_24971871,127245,Processed,Rudder,Garmin,1,255,2,1,8,0x00F8FF7F5FB8FFFF
1337,6_21_2015_16_11_54_24971948,127508,Processed,Battery Status,Garmin,6,255,2,1,8,0x017505FF7FFFFFFF
1338,6_21_2015_16_11_54_24971964,127250,Processed,Vessel Heading,Garmin,1,255,2,1,8,0xFF827AFF7FFF7FFD
1339,6_21_2015_16_11_54_24971972,127245,Processed,Rudder,Garmin,1,255,2,1,8,0x00F8FF7F5FB8FFFF
1340,6_21_2015_16_11_54_24972037,59904,Processed,ISO Request,Garmin,9,255,6,1,3,0x00EE00
1341,6_21_2015_16_11_54_24972044,60928,Processed,ISO IOP_N2K_ADDR Claim,Garmin,6,255,6,1,8,0x8CAEB71C00AAA0C0
1342,6_21_2015_16_11_54_24972051,127508,Processed,Battery Status,Garmin,6,255,2,1,8,0x017505FF7FFFFFFF
1343,6_21_2015_16_11_54_24972064,60928,Processed,ISO IOP_N2K_ADDR Claim,Garmin,4,255,6,1,8,0xF053BD1C00CD78C0
1344,6_21_2015_16_11_54_24972072,127250,Processed,Vessel Heading,Garmin,1,255,2,1,8,0xFF827AFF7FFF7FFD
1345,6_21_2015_16_11_54_24972080,127245,Processed,Rudder,Garmin,1,255,2,1,8,0x00F8FF7F5FB8FFFF
1346,6_21_2015_16_11_54_24972088,60928,Processed,ISO IOP_N2K_ADDR Claim,Garmin,1,255,6,1,8,0x80AAA41C009650C0
1347,6_21_2015_16_11_55_24972148,127508,Processed,Battery Status,Garmin,6,255,2,1,8,0x017505FF7FFFFFFF
1348,6_21_2015_16_11_55_24972165,127250,Processed,Vessel Heading,Garmin,1,255,2,1,8,0xFF827AFF7FFF7FFD
1349,6_21_2015_16_11_55_24972173,127245,Processed,Rudder,Garmin,1,255,2,1,8,0x00F8FF7F5FB8FFFF
1350,6_21_2015_16_11_55_24972248,127508,Processed,Battery Status,Garmin,6,255,2,1,8,0x017505FF7FFFFFFF
1351,6_21_2015_16_11_55_24972266,127250,Processed,Vessel Heading,Garmin,1,255,2,1,8,0xFF837AFF7FFF7FFD
1352,6_21_2015_16_11_55_24972275,127245,Processed,Rudder,Garmin,1,255,2,1,8,0x00F8FF7F5FB8FFFF
1353,6_21_2015_16_11_55_24972282,127258,Unprocessed,Magnetic Variation,Garmin,9,255,6,1,6,0xFFFFDF40FF7F
1354,6_21_2015_16_11_55_24972348,127508,Processed,Battery Status,Garmin,6,255,2,1,8,0x017505FF7FFFFFFF
1355,6_21_2015_16_11_55_24972366,127250,Processed,Vessel Heading,Garmin,1,255,2,1,8,0xFF837AFF7FFF7FFD
1356,6_21_2015_16_11_55_24972375,127245,Processed,Rudder,Garmin,1,255,2,1,8,0x00F8FF7F5FB8FFFF
1357,6_21_2015_16_11_55_24972448,127508,Processed,Battery Status,Garmin,6,255,2,1,8,0x017505FF7FFFFFFF
1358,6_21_2015_16_11_55_24972467,127250,Processed,Vessel Heading,Garmin,1,255,2,1,8,0xFF847AFF7FFF7FFD
1359,6_21_2015_16_11_55_24972476,127245,Processed,Rudder,Garmin,1,255,2,1,8,0x00F8FF7F5FB8FFFF
1360,6_21_2015_16_11_55_24972548,127508,Processed,Battery Status,Garmin,6,255,2,1,8,0x017505FF7FFFFFFF
1361,6_21_2015_16_11_55_24972568,127250,Processed,Vessel Heading,Garmin,1,255,2,1,8,0xFF857AFF7FFF7FFD
1362,6_21_2015_16_11_55_24972578,127245,Processed,Rudder,Garmin,1,255,2,1,8,0x00F8FF7F5FB8FFFF
1363,6_21_2015_16_11_55_24972648,127508,Processed,Battery Status,Garmin,6,255,2,1,8,0x017505FF7FFFFFFF
1364,6_21_2015_16_11_55_24972669,127250,Processed,Vessel Heading,Garmin,1,255,2,1,8,0xFF857AFF7FFF7FFD
1365,6_21_2015_16_11_55_24972678,127245,Processed,Rudder,Garmin,1,255,2,1,8,0x00F8FF7F5FB8FFFF
1366,6_21_2015_16_11_55_24972748,127508,Processed,Battery Status,Garmin,6,255,2,1,8,0x017505FF7FFFFFFF
1367,6_21_2015_16_11_55_24972769,127250,Processed,Vessel Heading,Garmin,1,255,2,1,8,0xFF857AFF7FFF7FFD
1368,6_21_2015_16_11_55_24972778,127245,Processed,Rudder,Garmin,1,255,2,1,8,0x00F8FF7F5FB8FFFF
1369,6_21_2015_16_11_55_24972839,129284,Processed,Navigation Data,Garmin,4,255,3,0,34,0xFFFFFFFFFF0FFFFFFFFFFFFFFFFFFFFFFFFFFFFFFFFFFFFFFFFFFF7FFFFFFF7FFF7F
1370,6_21_2015_16_11_55_24972847,129283,Processed,Cross Track Error,Garmin,4,255,3,1,8,0xFFFFFFFFFF7FFFFF
1371,6_21_2015_16_11_55_24972854,127508,Processed,Battery Status,Garmin,6,255,2,1,8,0x017505FF7FFFFFFF
1372,6_21_2015_16_11_55_24972871,127250,Processed,Vessel Heading,Garmin,1,255,2,1,8,0xFF857AFF7FFF7FFD
1373,6_21_2015_16_11_55_24972879,127245,Processed,Rudder,Garmin,1,255,2,1,8,0x00F8FF7F5FB8FFFF
1374,6_21_2015_16_11_55_24972948,127508,Processed,Battery Status,Garmin,6,255,2,1,8,0x017505FF7FFFFFFF
1375,6_21_2015_16_11_55_24972971,127250,Processed,Vessel Heading,Garmin,1,255,2,1,8,0xFF867AFF7FFF7FFD
1376,6_21_2015_16_11_55_24972977,127245,Processed,Rudder,Garmin,1,255,2,1,8,0x00F8FF7F5FB8FFFF
1377,6_21_2015_16_11_55_24973048,127508,Processed,Battery Status,Garmin,6,255,2,1,8,0x017505FF7FFFFFFF
1378,6_21_2015_16_11_55_24973071,127250,Processed,Vessel Heading,Garmin,1,255,2,1,8,0xFF867AFF7FFF7FFD
1379,6_21_2015_16_11_55_24973079,127245,Processed,Rudder,Garmin,1,255,2,1,8,0x00F8FF7F5FB8FFFF
1380,6_21_2015_16_11_56_24973148,127508,Processed,Battery Status,Garmin,6,255,2,1,8,0x017505FF7FFFFFFF
1381,6_21_2015_16_11_56_24973172,127250,Processed,Vessel Heading,Garmin,1,255,2,1,8,0xFF877AFF7FFF7FFD
1382,6_21_2015_16_11_56_24973243,127245,Processed,Rudder,Garmin,1,255,2,1,8,0x00F8FF7F5FB8FFFF
1383,6_21_2015_16_11_56_24973249,127508,Processed,Battery Status,Garmin,6,255,2,1,8,0x017505FF7FFFFFFF
1384,6_21_2015_16_11_56_24973273,127250,Processed,Vessel Heading,Garmin,1,255,2,1,8,0xFF877AFF7FFF7FFD
1385,6_21_2015_16_11_56_24973281,127245,Processed,Rudder,Garmin,1,255,2,1,8,0x00F8FF7F5FB8FFFF
1386,6_21_2015_16_11_56_24973288,127258,Unprocessed,Magnetic Variation,Garmin,9,255,6,1,6,0xFFFFDF40FF7F
1387,6_21_2015_16_11_56_24973348,127508,Processed,Battery Status,Garmin,6,255,2,1,8,0x017505FF7FFFFFFF
1388,6_21_2015_16_11_56_24973373,127250,Processed,Vessel Heading,Garmin,1,255,2,1,8,0xFF867AFF7FFF7FFD
1389,6_21_2015_16_11_56_24973382,127245,Processed,Rudder,Garmin,1,255,2,1,8,0x00F8FF7F5FB8FFFF
1390,6_21_2015_16_11_56_24973448,127508,Processed,Battery Status,Garmin,6,255,2,1,8,0x017505FF7FFFFFFF
1391,6_21_2015_16_11_56_24973474,127250,Processed,Vessel Heading,Garmin,1,255,2,1,8,0xFF867AFF7FFF7FFD
1392,6_21_2015_16_11_56_24973481,127245,Processed,Rudder,Garmin,1,255,2,1,8,0x00F8FF7F5FB8FFFF
1393,6_21_2015_16_11_56_24973548,127508,Processed,Battery Status,Garmin,6,255,2,1,8,0x017505FF7FFFFFFF
1394,6_21_2015_16_11_56_24973575,127250,Processed,Vessel Heading,Garmin,1,255,2,1,8,0xFF867AFF7FFF7FFD
1395,6_21_2015_16_11_56_24973581,127245,Processed,Rudder,Garmin,1,255,2,1,8,0x00F8FF7F5FB8FFFF
1396,6_21_2015_16_11_56_24973648,127508,Processed,Battery Status,Garmin,6,255,2,1,8,0x017505FF7FFFFFFF
1397,6_21_2015_16_11_56_24973676,127250,Processed,Vessel Heading,Garmin,1,255,2,1,8,0xFF877AFF7FFF7FFD
1398,6_21_2015_16_11_56_24973682,127245,Processed,Rudder,Garmin,1,255,2,1,8,0x00F8FF7F5FB8FFFF
1399,6_21_2015_16_11_56_24973748,127508,Processed,Battery Status,Garmin,6,255,2,1,8,0x017505FF7FFFFFFF
1400,6_21_2015_16_11_56_24973776,127250,Processed,Vessel Heading,Garmin,1,255,2,1,8,0xFF877AFF7FFF7FFD
1401,6_21_2015_16_11_56_24973785,127245,Processed,Rudder,Garmin,1,255,2,1,8,0x00F8FF7F5FB8FFFF
1402,6_21_2015_16_11_56_24973848,127508,Processed,Battery Status,Garmin,6,255,2,1,8,0x017505FF7FFFFFFF
1403,6_21_2015_16_11_56_24973877,127250,Processed,Vessel Heading,Garmin,1,255,2,1,8,0xFF887AFF7FFF7FFD
1404,6_21_2015_16_11_56_24973888,127245,Processed,Rudder,Garmin,1,255,2,1,8,0x00F8FF7F5FB8FFFF
1405,6_21_2015_16_11_56_24973908,129284,Processed,Navigation Data,Garmin,4,255,3,0,34,0xFFFFFFFFFF0FFFFFFFFFFFFFFFFFFFFFFFFFFFFFFFFFFFFFFFFFFF7FFFFFFF7FFF7F
1406,6_21_2015_16_11_56_24973915,129283,Processed,Cross Track Error,Garmin,4,255,3,1,8,0xFFFFFFFFFF7FFFFF
1407,6_21_2015_16_11_56_24973948,127508,Processed,Battery Status,Garmin,6,255,2,1,8,0x017505FF7FFFFFFF
1408,6_21_2015_16_11_56_24973978,127250,Processed,Vessel Heading,Garmin,1,255,2,1,8,0xFF887AFF7FFF7FFD
1409,6_21_2015_16_11_56_24973986,127245,Processed,Rudder,Garmin,1,255,2,1,8,0x00F8FF7F5FB8FFFF
1410,6_21_2015_16_11_56_24974048,127508,Processed,Battery Status,Garmin,6,255,2,1,8,0x017505FF7FFFFFFF
1411,6_21_2015_16_11_56_24974108,127250,Processed,Vessel Heading,Garmin,1,255,2,1,8,0xFF897AFF7FFF7FFD
1412,6_21_2015_16_11_56_24974115,127245,Processed,Rudder,Garmin,1,255,2,1,8,0x00F8FF7F5FB8FFFF
1413,6_21_2015_16_11_57_24974148,127508,Processed,Battery Status,Garmin,6,255,2,1,8,0x017505FF7FFFFFFF
1414,6_21_2015_16_11_57_24974179,127250,Processed,Vessel Heading,Garmin,1,255,2,1,8,0xFF897AFF7FFF7FFD
1415,6_21_2015_16_11_57_24974185,127245,Processed,Rudder,Garmin,1,255,2,1,8,0x00F8FF7F5FB8FFFF
1416,6_21_2015_16_11_57_24974248,127508,Processed,Battery Status,Garmin,6,255,2,1,8,0x017505FF7FFFFFFF
1417,6_21_2015_16_11_57_24974279,127258,Unprocessed,Magnetic Variation,Garmin,9,255,6,1,6,0xFFFFDF40FF7F
1418,6_21_2015_16_11_57_24974286,127250,Processed,Vessel Heading,Garmin,1,255,2,1,8,0xFF897AFF7FFF7FFD
1419,6_21_2015_16_11_57_24974292,127245,Processed,Rudder,Garmin,1,255,2,1,8,0x00F8FF7F5FB8FFFF
1420,6_21_2015_16_11_57_24974348,127508,Processed,Battery Status,Garmin,6,255,2,1,8,0x017505FF7FFFFFFF
1421,6_21_2015_16_11_57_24974381,127250,Processed,Vessel Heading,Garmin,1,255,2,1,8,0xFF8A7AFF7FFF7FFD
1422,6_21_2015_16_11_57_24974387,127245,Processed,Rudder,Garmin,1,255,2,1,8,0x00F8FF7F5FB8FFFF
1423,6_21_2015_16_11_57_24974448,127508,Processed,Battery Status,Garmin,6,255,2,1,8,0x017505FF7FFFFFFF
1424,6_21_2015_16_11_57_24974481,127250,Processed,Vessel Heading,Garmin,1,255,2,1,8,0xFF8B7AFF7FFF7FFD
1425,6_21_2015_16_11_57_24974489,127245,Processed,Rudder,Garmin,1,255,2,1,8,0x00F8FF7F5FB8FFFF
1426,6_21_2015_16_11_57_24974548,127508,Processed,Battery Status,Garmin,6,255,2,1,8,0x017505FF7FFFFFFF
1427,6_21_2015_16_11_57_24974582,127250,Processed,Vessel Heading,Garmin,1,255,2,1,8,0xFF8B7AFF7FFF7FFD
1428,6_21_2015_16_11_57_24974589,127245,Processed,Rudder,Garmin,1,255,2,1,8,0x00F8FF7F5FB8FFFF
1429,6_21_2015_16_11_57_24974648,127508,Processed,Battery Status,Garmin,6,255,2,1,8,0x017505FF7FFFFFFF
1430,6_21_2015_16_11_57_24974683,127250,Processed,Vessel Heading,Garmin,1,255,2,1,8,0xFF8B7AFF7FFF7FFD
1431,6_21_2015_16_11_57_24974690,127245,Processed,Rudder,Garmin,1,255,2,1,8,0x00F8FF7F5FB8FFFF
1432,6_21_2015_16_11_57_24974748,127508,Processed,Battery Status,Garmin,6,255,2,1,8,0x017505FF7FFFFFFF
1433,6_21_2015_16_11_57_24974783,127250,Processed,Vessel Heading,Garmin,1,255,2,1,8,0xFF8B7AFF7FFF7FFD
1434,6_21_2015_16_11_57_24974790,127245,Processed,Rudder,Garmin,1,255,2,1,8,0x00F8FF7F5FB8FFFF
1435,6_21_2015_16_11_57_24974848,127508,Processed,Battery Status,Garmin,6,255,2,1,8,0x017505FF7FFFFFFF
1436,6_21_2015_16_11_57_24974884,127250,Processed,Vessel Heading,Garmin,1,255,2,1,8,0xFF8C7AFF7FFF7FFD
1437,6_21_2015_16_11_57_24974891,127245,Processed,Rudder,Garmin,1,255,2,1,8,0x00F8FF7F5FB8FFFF
1438,6_21_2015_16_11_57_24974977,127508,Processed,Battery Status,Garmin,6,255,2,1,8,0x017505FF7FFFFFFF
1439,6_21_2015_16_11_57_24974985,127250,Processed,Vessel Heading,Garmin,1,255,2,1,8,0xFF8B7AFF7FFF7FFD
1440,6_21_2015_16_11_57_24974993,127245,Processed,Rudder,Garmin,1,255,2,1,8,0x00F8FF7F5FB8FFFF
1441,6_21_2015_16_11_57_24975048,127508,Processed,Battery Status,Garmin,6,255,2,1,8,0x017505FF7FFFFFFF
1442,6_21_2015_16_11_57_24975085,127250,Processed,Vessel Heading,Garmin,1,255,2,1,8,0xFF8A7AFF7FFF7FFD
1443,6_21_2015_16_11_57_24975093,127245,Processed,Rudder,Garmin,1,255,2,1,8,0x00F8FF7F5FB8FFFF
1444,6_21_2015_16_11_58_24975148,127508,Processed,Battery Status,Garmin,6,255,2,1,8,0x017505FF7FFFFFFF
1445,6_21_2015_16_11_58_24975186,127250,Processed,Vessel Heading,Garmin,1,255,2,1,8,0xFF8A7AFF7FFF7FFD
1446,6_21_2015_16_11_58_24975193,127245,Processed,Rudder,Garmin,1,255,2,1,8,0x00F8FF7F5FB8FFFF
1447,6_21_2015_16_11_58_24975200,129284,Processed,Navigation Data,Garmin,4,255,3,0,34,0xFFFFFFFFFF0FFFFFFFFFFFFFFFFFFFFFFFFFFFFFFFFFFFFFFFFFFF7FFFFFFF7FFF7F
1448,6_21_2015_16_11_58_24975207,129283,Processed,Cross Track Error,Garmin,4,255,3,1,8,0xFFFFFFFFFF7FFFFF
1449,6_21_2015_16_11_58_24975248,127508,Processed,Battery Status,Garmin,6,255,2,1,8,0x017505FF7FFFFFFF
1450,6_21_2015_16_11_58_24975279,127258,Unprocessed,Magnetic Variation,Garmin,9,255,6,1,6,0xFFFFDF40FF7F
1451,6_21_2015_16_11_58_24975287,127250,Processed,Vessel Heading,Garmin,1,255,2,1,8,0xFF8A7AFF7FFF7FFD
1452,6_21_2015_16_11_58_24975294,127245,Processed,Rudder,Garmin,1,255,2,1,8,0x00F8FF7F5FB8FFFF
1453,6_21_2015_16_11_58_24975348,127508,Processed,Battery Status,Garmin,6,255,2,1,8,0x017505FF7FFFFFFF
1454,6_21_2015_16_11_58_24975388,127250,Processed,Vessel Heading,Garmin,1,255,2,1,8,0xFF8B7AFF7FFF7FFD
1455,6_21_2015_16_11_58_24975395,127245,Processed,Rudder,Garmin,1,255,2,1,8,0x00F8FF7F5FB8FFFF
1456,6_21_2015_16_11_58_24975448,127508,Processed,Battery Status,Garmin,6,255,2,1,8,0x017505FF7FFFFFFF
1457,6_21_2015_16_11_58_24975489,127250,Processed,Vessel Heading,Garmin,1,255,2,1,8,0xFF8B7AFF7FFF7FFD
1458,6_21_2015_16_11_58_24975495,127245,Processed,Rudder,Garmin,1,255,2,1,8,0x00F8FF7F5FB8FFFF
1459,6_21_2015_16_11_58_24975548,127508,Processed,Battery Status,Garmin,6,255,2,1,8,0x017505FF7FFFFFFF
1460,6_21_2015_16_11_58_24975589,127250,Processed,Vessel Heading,Garmin,1,255,2,1,8,0xFF8C7AFF7FFF7FFD
1461,6_21_2015_16_11_58_24975597,127245,Processed,Rudder,Garmin,1,255,2,1,8,0x00F8FF7F5FB8FFFF
1462,6_21_2015_16_11_58_24975648,127508,Processed,Battery Status,Garmin,6,255,2,1,8,0x017505FF7FFFFFFF
1463,6_21_2015_16_11_58_24975690,127250,Processed,Vessel Heading,Garmin,1,255,2,1,8,0xFF8C7AFF7FFF7FFD
1464,6_21_2015_16_11_58_24975697,127245,Processed,Rudder,Garmin,1,255,2,1,8,0x00F8FF7F5FB8FFFF
1465,6_21_2015_16_11_58_24975748,127508,Processed,Battery Status,Garmin,6,255,2,1,8,0x017505FF7FFFFFFF
1466,6_21_2015_16_11_58_24975790,127250,Processed,Vessel Heading,Garmin,1,255,2,1,8,0xFF8C7AFF7FFF7FFD
1467,6_21_2015_16_11_58_24975798,127245,Processed,Rudder,Garmin,1,255,2,1,8,0x00F8FF7F5FB8FFFF
1468,6_21_2015_16_11_58_24975848,127508,Processed,Battery Status,Garmin,6,255,2,1,8,0x017505FF7FFFFFFF
1469,6_21_2015_16_11_58_24975892,127250,Processed,Vessel Heading,Garmin,1,255,2,1,8,0xFF8C7AFF7FFF7FFD
1470,6_21_2015_16_11_58_24975899,127245,Processed,Rudder,Garmin,1,255,2,1,8,0x00F8FF7F5FB8FFFF
1471,6_21_2015_16_11_58_24975948,127508,Processed,Battery Status,Garmin,6,255,2,1,8,0x017505FF7FFFFFFF
1472,6_21_2015_16_11_58_24975992,127250,Processed,Vessel Heading,Garmin,1,255,2,1,8,0xFF8C7AFF7FFF7FFD
1473,6_21_2015_16_11_58_24975999,127245,Processed,Rudder,Garmin,1,255,2,1,8,0x00F8FF7F5FB8FFFF
1474,6_21_2015_16_11_58_24976048,127508,Processed,Battery Status,Garmin,6,255,2,1,8,0x017505FF7FFFFFFF
1475,6_21_2015_16_11_58_24976108,127250,Processed,Vessel Heading,Garmin,1,255,2,1,8,0xFF8D7AFF7FFF7FFD
1476,6_21_2015_16_11_58_24976115,127245,Processed,Rudder,Garmin,1,255,2,1,8,0x00F8FF7F5FB8FFFF
1477,6_21_2015_16_11_59_24976148,127508,Processed,Battery Status,Garmin,6,255,2,1,8,0x017505FF7FFFFFFF
1478,6_21_2015_16_11_59_24976193,127250,Processed,Vessel Heading,Garmin,1,255,2,1,8,0xFF8E7AFF7FFF7FFD
1479,6_21_2015_16_11_59_24976200,127245,Processed,Rudder,Garmin,1,255,2,1,8,0x00F8FF7F5FB8FFFF
1480,6_21_2015_16_11_59_24976248,127508,Processed,Battery Status,Garmin,6,255,2,1,8,0x017505FF7FFFFFFF
1481,6_21_2015_16_11_59_24976279,127258,Unprocessed,Magnetic Variation,Garmin,9,255,6,1,6,0xFFFFDF40FF7F
1482,6_21_2015_16_11_59_24976294,127250,Processed,Vessel Heading,Garmin,1,255,2,1,8,0xFF8E7AFF7FFF7FFD
1483,6_21_2015_16_11_59_24976301,127245,Processed,Rudder,Garmin,1,255,2,1,8,0x00F8FF7F5FB8FFFF
1484,6_21_2015_16_11_59_24976339,129284,Processed,Navigation Data,Garmin,4,255,3,0,34,0xFFFFFFFFFF0FFFFFFFFFFFFFFFFFFFFFFFFFFFFFFFFFFFFFFFFFFF7FFFFFFF7FFF7F
1485,6_21_2015_16_11_59_24976348,129283,Processed,Cross Track Error,Garmin,4,255,3,1,8,0xFFFFFFFFFF7FFFFF
1486,6_21_2015_16_11_59_24976355,127508,Processed,Battery Status,Garmin,6,255,2,1,8,0x017505FF7FFFFFFF
1487,6_21_2015_16_11_59_24976395,127250,Processed,Vessel Heading,Garmin,1,255,2,1,8,0xFF8E7AFF7FFF7FFD
1488,6_21_2015_16_11_59_24976402,127245,Processed,Rudder,Garmin,1,255,2,1,8,0x00F8FF7F5FB8FFFF
1489,6_21_2015_16_11_59_24976448,127508,Processed,Battery Status,Garmin,6,255,2,1,8,0x017505FF7FFFFFFF
1490,6_21_2015_16_11_59_24976495,127250,Processed,Vessel Heading,Garmin,1,255,2,1,8,0xFF8E7AFF7FFF7FFD
1491,6_21_2015_16_11_59_24976503,127245,Processed,Rudder,Garmin,1,255,2,1,8,0x00F8FF7F5FB8FFFF
1492,6_21_2015_16_11_59_24976548,127508,Processed,Battery Status,Garmin,6,255,2,1,8,0x017505FF7FFFFFFF
1493,6_21_2015_16_11_59_24976596,127250,Processed,Vessel Heading,Garmin,1,255,2,1,8,0xFF8E7AFF7FFF7FFD
1494,6_21_2015_16_11_59_24976603,127245,Processed,Rudder,Garmin,1,255,2,1,8,0x00F8FF7F5FB8FFFF
1495,6_21_2015_16_11_59_24976616,60928,Processed,ISO IOP_N2K_ADDR Claim,Garmin,9,255,6,1,8,0xB0A3B61C0082F0C0
1496,6_21_2015_16_11_59_24976623,60928,Processed,ISO IOP_N2K_ADDR Claim,Garmin,6,255,6,1,8,0x8CAEB71C00AAA0C0
1497,6_21_2015_16_11_59_24976648,127508,Processed,Battery Status,Garmin,6,255,2,1,8,0x017505FF7FFFFFFF
1498,6_21_2015_16_11_59_24976657,60928,Processed,ISO IOP_N2K_ADDR Claim,Garmin,1,255,6,1,8,0x80AAA41C009650C0
1499,6_21_2015_16_11_59_24976666,60928,Processed,ISO IOP_N2K_ADDR Claim,Garmin,4,255,6,1,8,0xF053BD1C00CD78C0
1500,6_21_2015_16_11_59_24976697,127250,Processed,Vessel Heading,Garmin,1,255,2,1,8,0xFF8D7AFF7FFF7FFD
1501,6_21_2015_16_11_59_24976704,127245,Processed,Rudder,Garmin,1,255,2,1,8,0x00F8FF7F5FB8FFFF
1502,6_21_2015_16_11_59_24976748,127508,Processed,Battery Status,Garmin,6,255,2,1,8,0x017505FF7FFFFFFF
1503,6_21_2015_16_11_59_24976798,127250,Processed,Vessel Heading,Garmin,1,255,2,1,8,0xFF8D7AFF7FFF7FFD
1504,6_21_2015_16_11_59_24976804,127245,Processed,Rudder,Garmin,1,255,2,1,8,0x00F8FF7F5FB8FFFF
1505,6_21_2015_16_11_59_24976848,127508,Processed,Battery Status,Garmin,6,255,2,1,8,0x017505FF7FFFFFFF
1506,6_21_2015_16_11_59_24976891,126996,Processed,Product Information,Garmin,9,255,6,0,134,0xD0074B064748433230000000000000000000000000000000000000000000000000000000332E353000000000000000000000000000000000000000000000000000000000312E30000000000000000000000000000000000000000000000000000000000033383831383730323536000000000000000000000000000000000000000000000101
1507,6_21_2015_16_11_59_24976899,127250,Processed,Vessel Heading,Garmin,1,255,2,1,8,0xFF8D7AFF7FFF7FFD
1508,6_21_2015_16_11_59_24976905,127245,Processed,Rudder,Garmin,1,255,2,1,8,0x00F8FF7F5FB8FFFF
1509,6_21_2015_16_11_59_24976948,127508,Processed,Battery Status,Garmin,6,255,2,1,8,0x017505FF7FFFFFFF
1510,6_21_2015_16_11_59_24976999,127250,Processed,Vessel Heading,Garmin,1,255,2,1,8,0xFF8E7AFF7FFF7FFD
1511,6_21_2015_16_11_59_24977006,127245,Processed,Rudder,Garmin,1,255,2,1,8,0x00F8FF7F5FB8FFFF
1512,6_21_2015_16_11_59_24977037,59904,Processed,ISO Request,Garmin,9,255,6,1,3,0x00EE00
1513,6_21_2015_16_11_59_24977045,60928,Processed,ISO IOP_N2K_ADDR Claim,Garmin,6,255,6,1,8,0x8CAEB71C00AAA0C0
1514,6_21_2015_16_11_59_24977053,127508,Processed,Battery Status,Garmin,6,255,2,1,8,0x017505FF7FFFFFFF
1515,6_21_2015_16_11_59_24977061,60928,Processed,ISO IOP_N2K_ADDR Claim,Garmin,1,255,6,1,8,0x80AAA41C009650C0
1516,6_21_2015_16_11_59_24977068,60928,Processed,ISO IOP_N2K_ADDR Claim,Garmin,4,255,6,1,8,0xF053BD1C00CD78C0
1517,6_21_2015_16_11_59_24977100,127250,Processed,Vessel Heading,Garmin,1,255,2,1,8,0xFF8E7AFF7FFF7FFD
1518,6_21_2015_16_11_59_24977108,127245,Processed,Rudder,Garmin,1,255,2,1,8,0x00F8FF7F5FB8FFFF
1519,6_21_2015_16_12_0_24977148,127508,Processed,Battery Status,Garmin,6,255,2,1,8,0x017505FF7FFFFFFF
1520,6_21_2015_16_12_0_24977200,127250,Processed,Vessel Heading,Garmin,1,255,2,1,8,0xFF8E7AFF7FFF7FFD
1521,6_21_2015_16_12_0_24977211,127245,Processed,Rudder,Garmin,1,255,2,1,8,0x00F8FF7F5FB8FFFF
1522,6_21_2015_16_12_0_24977248,127508,Processed,Battery Status,Garmin,6,255,2,1,8,0x017505FF7FFFFFFF
1523,6_21_2015_16_12_0_24977279,127258,Unprocessed,Magnetic Variation,Garmin,9,255,6,1,6,0xFFFFDF40FF7F
1524,6_21_2015_16_12_0_24977301,127250,Processed,Vessel Heading,Garmin,1,255,2,1,8,0xFF8E7AFF7FFF7FFD
1525,6_21_2015_16_12_0_24977309,127245,Processed,Rudder,Garmin,1,255,2,1,8,0x00F8FF7F5FB8FFFF
1526,6_21_2015_16_12_0_24977348,127508,Processed,Battery Status,Garmin,6,255,2,1,8,0x017505FF7FFFFFFF
1527,6_21_2015_16_12_0_24977402,127250,Processed,Vessel Heading,Garmin,1,255,2,1,8,0xFF8F7AFF7FFF7FFD
1528,6_21_2015_16_12_0_24977408,127245,Processed,Rudder,Garmin,1,255,2,1,8,0x00F8FF7F5FB8FFFF
1529,6_21_2015_16_12_0_24977448,127508,Processed,Battery Status,Garmin,6,255,2,1,8,0x017505FF7FFFFFFF
1530,6_21_2015_16_12_0_24977502,127250,Processed,Vessel Heading,Garmin,1,255,2,1,8,0xFF8E7AFF7FFF7FFD
1531,6_21_2015_16_12_0_24977517,127245,Processed,Rudder,Garmin,1,255,2,1,8,0x00F8FF7F5FB8FFFF
1532,6_21_2015_16_12_0_24977539,129284,Processed,Navigation Data,Garmin,4,255,3,0,34,0xFFFFFFFFFF0FFFFFFFFFFFFFFFFFFFFFFFFFFFFFFFFFFFFFFFFFFF7FFFFFFF7FFF7F
1533,6_21_2015_16_12_0_24977547,129283,Processed,Cross Track Error,Garmin,4,255,3,1,8,0xFFFFFFFFFF7FFFFF
1534,6_21_2015_16_12_0_24977555,127508,Processed,Battery Status,Garmin,6,255,2,1,8,0x017505FF7FFFFFFF
1535,6_21_2015_16_12_0_24977603,127250,Processed,Vessel Heading,Garmin,1,255,2,1,8,0xFF8D7AFF7FFF7FFD
1536,6_21_2015_16_12_0_24977609,127245,Processed,Rudder,Garmin,1,255,2,1,8,0x00F8FF7F5FB8FFFF
1537,6_21_2015_16_12_0_24977648,127508,Processed,Battery Status,Garmin,6,255,2,1,8,0x017505FF7FFFFFFF
1538,6_21_2015_16_12_0_24977704,127250,Processed,Vessel Heading,Garmin,1,255,2,1,8,0xFF8D7AFF7FFF7FFD
1539,6_21_2015_16_12_0_24977711,127245,Processed,Rudder,Garmin,1,255,2,1,8,0x00F8FF7F5FB8FFFF
1540,6_21_2015_16_12_0_24977748,127508,Processed,Battery Status,Garmin,6,255,2,1,8,0x017505FF7FFFFFFF
1541,6_21_2015_16_12_0_24977805,127250,Processed,Vessel Heading,Garmin,1,255,2,1,8,0xFF8D7AFF7FFF7FFD
1542,6_21_2015_16_12_0_24977813,127245,Processed,Rudder,Garmin,1,255,2,1,8,0x00F8FF7F5FB8FFFF
1543,6_21_2015_16_12_0_24977848,127508,Processed,Battery Status,Garmin,6,255,2,1,8,0x017505FF7FFFFFFF
1544,6_21_2015_16_12_0_24977905,127250,Processed,Vessel Heading,Garmin,1,255,2,1,8,0xFF8D7AFF7FFF7FFD
1545,6_21_2015_16_12_0_24977913,127245,Processed,Rudder,Garmin,1,255,2,1,8,0x00F8FF7F5FB8FFFF
1546,6_21_2015_16_12_0_24977948,127508,Processed,Battery Status,Garmin,6,255,2,1,8,0x017505FF7FFFFFFF
1547,6_21_2015_16_12_0_24978006,127250,Processed,Vessel Heading,Garmin,1,255,2,1,8,0xFF8D7AFF7FFF7FFD
1548,6_21_2015_16_12_0_24978012,127245,Processed,Rudder,Garmin,1,255,2,1,8,0x00F8FF7F5FB8FFFF
1549,6_21_2015_16_12_0_24978048,127508,Processed,Battery Status,Garmin,6,255,2,1,8,0x017505FF7FFFFFFF
1550,6_21_2015_16_12_0_24978108,127250,Processed,Vessel Heading,Garmin,1,255,2,1,8,0xFF8E7AFF7FFF7FFD
1551,6_21_2015_16_12_0_24978115,127245,Processed,Rudder,Garmin,1,255,2,1,8,0x00F8FF7F5FB8FFFF
1552,6_21_2015_16_12_1_24978148,127508,Processed,Battery Status,Garmin,6,255,2,1,8,0x017505FF7FFFFFFF
1553,6_21_2015_16_12_1_24978207,127250,Processed,Vessel Heading,Garmin,1,255,2,1,8,0xFF8E7AFF7FFF7FFD
1554,6_21_2015_16_12_1_24978215,127245,Processed,Rudder,Garmin,1,255,2,1,8,0x00F8FF7F5FB8FFFF
1555,6_21_2015_16_12_1_24978248,127508,Processed,Battery Status,Garmin,6,255,2,1,8,0x017505FF7FFFFFFF
1556,6_21_2015_16_12_1_24978279,127258,Unprocessed,Magnetic Variation,Garmin,9,255,6,1,6,0xFFFFDF40FF7F
1557,6_21_2015_16_12_1_24978308,127250,Processed,Vessel Heading,Garmin,1,255,2,1,8,0xFF8D7AFF7FFF7FFD
1558,6_21_2015_16_12_1_24978316,127245,Processed,Rudder,Garmin,1,255,2,1,8,0x00F8FF7F5FB8FFFF
1559,6_21_2015_16_12_1_24978348,127508,Processed,Battery Status,Garmin,6,255,2,1,8,0x017505FF7FFFFFFF
1560,6_21_2015_16_12_1_24978409,127250,Processed,Vessel Heading,Garmin,1,255,2,1,8,0xFF8E7AFF7FFF7FFD
1561,6_21_2015_16_12_1_24978420,127245,Processed,Rudder,Garmin,1,255,2,1,8,0x00F8FF7F5FB8FFFF
1562,6_21_2015_16_12_1_24978448,127508,Processed,Battery Status,Garmin,6,255,2,1,8,0x017505FF7FFFFFFF
1563,6_21_2015_16_12_1_24978510,127250,Processed,Vessel Heading,Garmin,1,255,2,1,8,0xFF8F7AFF7FFF7FFD
1564,6_21_2015_16_12_1_24978515,127245,Processed,Rudder,Garmin,1,255,2,1,8,0x00F8FF7F5FB8FFFF
1565,6_21_2015_16_12_1_24978548,127508,Processed,Battery Status,Garmin,6,255,2,1,8,0x017505FF7FFFFFFF
1566,6_21_2015_16_12_1_24978610,127250,Processed,Vessel Heading,Garmin,1,255,2,1,8,0xFF907AFF7FFF7FFD
1567,6_21_2015_16_12_1_24978617,127245,Processed,Rudder,Garmin,1,255,2,1,8,0x00F8FF7F5FB8FFFF
1568,6_21_2015_16_12_1_24978648,127508,Processed,Battery Status,Garmin,6,255,2,1,8,0x017505FF7FFFFFFF
1569,6_21_2015_16_12_1_24978711,127250,Processed,Vessel Heading,Garmin,1,255,2,1,8,0xFF8F7AFF7FFF7FFD
1570,6_21_2015_16_12_1_24978719,127245,Processed,Rudder,Garmin,1,255,2,1,8,0x00F8FF7F5FB8FFFF
1571,6_21_2015_16_12_1_24978748,127508,Processed,Battery Status,Garmin,6,255,2,1,8,0x017505FF7FFFFFFF
1572,6_21_2015_16_12_1_24978812,127250,Processed,Vessel Heading,Garmin,1,255,2,1,8,0xFF8F7AFF7FFF7FFD
1573,6_21_2015_16_12_1_24978819,127245,Processed,Rudder,Garmin,1,255,2,1,8,0x00F8FF7F5FB8FFFF
1574,6_21_2015_16_12_1_24978839,129284,Processed,Navigation Data,Garmin,4,255,3,0,34,0xFFFFFFFFFF0FFFFFFFFFFFFFFFFFFFFFFFFFFFFFFFFFFFFFFFFFFF7FFFFFFF7FFF7F
1575,6_21_2015_16_12_1_24978847,129283,Processed,Cross Track Error,Garmin,4,255,3,1,8,0xFFFFFFFFFF7FFFFF
1576,6_21_2015_16_12_1_24978854,127508,Processed,Battery Status,Garmin,6,255,2,1,8,0x017505FF7FFFFFFF
1577,6_21_2015_16_12_1_24978912,127250,Processed,Vessel Heading,Garmin,1,255,2,1,8,0xFF8E7AFF7FFF7FFD
1578,6_21_2015_16_12_1_24978921,127245,Processed,Rudder,Garmin,1,255,2,1,8,0x00F8FF7F5FB8FFFF
1579,6_21_2015_16_12_1_24978948,127508,Processed,Battery Status,Garmin,6,255,2,1,8,0x017505FF7FFFFFFF
1580,6_21_2015_16_12_1_24979013,127250,Processed,Vessel Heading,Garmin,1,255,2,1,8,0xFF8E7AFF7FFF7FFD
1581,6_21_2015_16_12_1_24979025,127245,Processed,Rudder,Garmin,1,255,2,1,8,0x00F8FF7F5FB8FFFF
1582,6_21_2015_16_12_1_24979048,127508,Processed,Battery Status,Garmin,6,255,2,1,8,0x017505FF7FFFFFFF
1583,6_21_2015_16_12_1_24979114,127250,Processed,Vessel Heading,Garmin,1,255,2,1,8,0xFF8E7AFF7FFF7FFD
1584,6_21_2015_16_12_2_24979120,127245,Processed,Rudder,Garmin,1,255,2,1,8,0x00F8FF7F5FB8FFFF
1585,6_21_2015_16_12_2_24979148,127508,Processed,Battery Status,Garmin,6,255,2,1,8,0x017505FF7FFFFFFF
1586,6_21_2015_16_12_2_24979215,127250,Processed,Vessel Heading,Garmin,1,255,2,1,8,0xFF8F7AFF7FFF7FFD
1587,6_21_2015_16_12_2_24979221,127245,Processed,Rudder,Garmin,1,255,2,1,8,0x00F8FF7F5FB8FFFF
1588,6_21_2015_16_12_2_24979248,127508,Processed,Battery Status,Garmin,6,255,2,1,8,0x017505FF7FFFFFFF
1589,6_21_2015_16_12_2_24979280,127258,Unprocessed,Magnetic Variation,Garmin,9,255,6,1,6,0xFFFFDF40FF7F
1590,6_21_2015_16_12_2_24979315,127250,Processed,Vessel Heading,Garmin,1,255,2,1,8,0xFF8F7AFF7FFF7FFD
1591,6_21_2015_16_12_2_24979321,127245,Processed,Rudder,Garmin,1,255,2,1,8,0x00F8FF7F5FB8FFFF
1592,6_21_2015_16_12_2_24979348,127508,Processed,Battery Status,Garmin,6,255,2,1,8,0x017505FF7FFFFFFF
1593,6_21_2015_16_12_2_24979416,127250,Processed,Vessel Heading,Garmin,1,255,2,1,8,0xFF8F7AFF7FFF7FFD
1594,6_21_2015_16_12_2_24979424,127245,Processed,Rudder,Garmin,1,255,2,1,8,0x00F8FF7F5FB8FFFF
1595,6_21_2015_16_12_2_24979448,127508,Processed,Battery Status,Garmin,6,255,2,1,8,0x017505FF7FFFFFFF
1596,6_21_2015_16_12_2_24979517,127250,Processed,Vessel Heading,Garmin,1,255,2,1,8,0xFF8F7AFF7FFF7FFD
1597,6_21_2015_16_12_2_24979525,127245,Processed,Rudder,Garmin,1,255,2,1,8,0x00F8FF7F5FB8FFFF
1598,6_21_2015_16_12_2_24979548,127508,Processed,Battery Status,Garmin,6,255,2,1,8,0x017505FF7FFFFFFF
1599,6_21_2015_16_12_2_24979617,127250,Processed,Vessel Heading,Garmin,1,255,2,1,8,0xFF8F7AFF7FFF7FFD
1600,6_21_2015_16_12_2_24979623,127245,Processed,Rudder,Garmin,1,255,2,1,8,0x00F8FF7F5FB8FFFF
1601,6_21_2015_16_12_2_24979648,127508,Processed,Battery Status,Garmin,6,255,2,1,8,0x017505FF7FFFFFFF
1602,6_21_2015_16_12_2_24979718,127250,Processed,Vessel Heading,Garmin,1,255,2,1,8,0xFF8F7AFF7FFF7FFD
1603,6_21_2015_16_12_2_24979725,127245,Processed,Rudder,Garmin,1,255,2,1,8,0x00F8FF7F5FB8FFFF
1604,6_21_2015_16_12_2_24979748,127508,Processed,Battery Status,Garmin,6,255,2,1,8,0x017505FF7FFFFFFF
1605,6_21_2015_16_12_2_24979819,127250,Processed,Vessel Heading,Garmin,1,255,2,1,8,0xFF8F7AFF7FFF7FFD
1606,6_21_2015_16_12_2_24979825,127245,Processed,Rudder,Garmin,1,255,2,1,8,0x00F8FF7F5FB8FFFF
1607,6_21_2015_16_12_2_24979849,127508,Processed,Battery Status,Garmin,6,255,2,1,8,0x017505FF7FFFFFFF
1608,6_21_2015_16_12_2_24979920,127250,Processed,Vessel Heading,Garmin,1,255,2,1,8,0xFF8F7AFF7FFF7FFD
1609,6_21_2015_16_12_2_24979928,127245,Processed,Rudder,Garmin,1,255,2,1,8,0x00F8FF7F5FB8FFFF
1610,6_21_2015_16_12_2_24979948,127508,Processed,Battery Status,Garmin,6,255,2,1,8,0x017505FF7FFFFFFF
1611,6_21_2015_16_12_2_24980020,127250,Processed,Vessel Heading,Garmin,1,255,2,1,8,0xFF8F7AFF7FFF7FFD
1612,6_21_2015_16_12_2_24980027,127245,Processed,Rudder,Garmin,1,255,2,1,8,0x00F8FF7F5FB8FFFF
1613,6_21_2015_16_12_2_24980039,129284,Processed,Navigation Data,Garmin,4,255,3,0,34,0xFFFFFFFFFF0FFFFFFFFFFFFFFFFFFFFFFFFFFFFFFFFFFFFFFFFFFF7FFFFFFF7FFF7F
1614,6_21_2015_16_12_2_24980047,129283,Processed,Cross Track Error,Garmin,4,255,3,1,8,0xFFFFFFFFFF7FFFFF
1615,6_21_2015_16_12_2_24980053,127508,Processed,Battery Status,Garmin,6,255,2,1,8,0x017505FF7FFFFFFF
1616,6_21_2015_16_12_3_24980121,127250,Processed,Vessel Heading,Garmin,1,255,2,1,8,0xFF8F7AFF7FFF7FFD
1617,6_21_2015_16_12_3_24980129,127245,Processed,Rudder,Garmin,1,255,2,1,8,0x00F8FF7F5FB8FFFF
1618,6_21_2015_16_12_3_24980149,127508,Processed,Battery Status,Garmin,6,255,2,1,8,0x017505FF7FFFFFFF
1619,6_21_2015_16_12_3_24980222,127250,Processed,Vessel Heading,Garmin,1,255,2,1,8,0xFF8F7AFF7FFF7FFD
1620,6_21_2015_16_12_3_24980228,127245,Processed,Rudder,Garmin,1,255,2,1,8,0x00F8FF7F5FB8FFFF
1621,6_21_2015_16_12_3_24980248,127508,Processed,Battery Status,Garmin,6,255,2,1,8,0x017505FF7FFFFFFF
1622,6_21_2015_16_12_3_24980280,127258,Unprocessed,Magnetic Variation,Garmin,9,255,6,1,6,0xFFFFDF40FF7F
1623,6_21_2015_16_12_3_24980323,127250,Processed,Vessel Heading,Garmin,1,255,2,1,8,0xFF907AFF7FFF7FFD
1624,6_21_2015_16_12_3_24980329,127245,Processed,Rudder,Garmin,1,255,2,1,8,0x00F8FF7F5FB8FFFF
1625,6_21_2015_16_12_3_24980349,127508,Processed,Battery Status,Garmin,6,255,2,1,8,0x017505FF7FFFFFFF
1626,6_21_2015_16_12_3_24980423,127250,Processed,Vessel Heading,Garmin,1,255,2,1,8,0xFF907AFF7FFF7FFD
1627,6_21_2015_16_12_3_24980429,127245,Processed,Rudder,Garmin,1,255,2,1,8,0x00F8FF7F5FB8FFFF
1628,6_21_2015_16_12_3_24980448,127508,Processed,Battery Status,Garmin,6,255,2,1,8,0x017505FF7FFFFFFF
1629,6_21_2015_16_12_3_24980524,127250,Processed,Vessel Heading,Garmin,1,255,2,1,8,0xFF907AFF7FFF7FFD
1630,6_21_2015_16_12_3_24980532,127245,Processed,Rudder,Garmin,1,255,2,1,8,0x00F8FF7F5FB8FFFF
1631,6_21_2015_16_12_3_24980548,127508,Processed,Battery Status,Garmin,6,255,2,1,8,0x017505FF7FFFFFFF
1632,6_21_2015_16_12_3_24980625,127250,Processed,Vessel Heading,Garmin,1,255,2,1,8,0xFF917AFF7FFF7FFD
1633,6_21_2015_16_12_3_24980633,127245,Processed,Rudder,Garmin,1,255,2,1,8,0x00F8FF7F5FB8FFFF
1634,6_21_2015_16_12_3_24980648,127508,Processed,Battery Status,Garmin,6,255,2,1,8,0x017505FF7FFFFFFF
1635,6_21_2015_16_12_3_24980725,127250,Processed,Vessel Heading,Garmin,1,255,2,1,8,0xFF917AFF7FFF7FFD
1636,6_21_2015_16_12_3_24980731,127245,Processed,Rudder,Garmin,1,255,2,1,8,0x00F8FF7F5FB8FFFF
1637,6_21_2015_16_12_3_24980748,127508,Processed,Battery Status,Garmin,6,255,2,1,8,0x017505FF7FFFFFFF
1638,6_21_2015_16_12_3_24980826,127250,Processed,Vessel Heading,Garmin,1,255,2,1,8,0xFF917AFF7FFF7FFD
1639,6_21_2015_16_12_3_24980832,127245,Processed,Rudder,Garmin,1,255,2,1,8,0x00F8FF7F5FB8FFFF
1640,6_21_2015_16_12_3_24980849,127508,Processed,Battery Status,Garmin,6,255,2,1,8,0x017505FF7FFFFFFF
1641,6_21_2015_16_12_3_24980927,127250,Processed,Vessel Heading,Garmin,1,255,2,1,8,0xFF917AFF7FFF7FFD
1642,6_21_2015_16_12_3_24980937,127245,Processed,Rudder,Garmin,1,255,2,1,8,0x00F8FF7F5FB8FFFF
1643,6_21_2015_16_12_3_24980948,127508,Processed,Battery Status,Garmin,6,255,2,1,8,0x017505FF7FFFFFFF
1644,6_21_2015_16_12_3_24981027,127250,Processed,Vessel Heading,Garmin,1,255,2,1,8,0xFF917AFF7FFF7FFD
1645,6_21_2015_16_12_3_24981036,127245,Processed,Rudder,Garmin,1,255,2,1,8,0x00F8FF7F5FB8FFFF
1646,6_21_2015_16_12_3_24981048,127508,Processed,Battery Status,Garmin,6,255,2,1,8,0x017505FF7FFFFFFF
1647,6_21_2015_16_12_4_24981128,127250,Processed,Vessel Heading,Garmin,1,255,2,1,8,0xFF907AFF7FFF7FFD
1648,6_21_2015_16_12_4_24981134,127245,Processed,Rudder,Garmin,1,255,2,1,8,0x00F8FF7F5FB8FFFF
1649,6_21_2015_16_12_4_24981148,127508,Processed,Battery Status,Garmin,6,255,2,1,8,0x017505FF7FFFFFFF
1650,6_21_2015_16_12_4_24981229,127250,Processed,Vessel Heading,Garmin,1,255,2,1,8,0xFF907AFF7FFF7FFD
1651,6_21_2015_16_12_4_24981234,127245,Processed,Rudder,Garmin,1,255,2,1,8,0x00F8FF7F5FB8FFFF
1652,6_21_2015_16_12_4_24981248,127508,Processed,Battery Status,Garmin,6,255,2,1,8,0x017505FF7FFFFFFF
1653,6_21_2015_16_12_4_24981280,127258,Unprocessed,Magnetic Variation,Garmin,9,255,6,1,6,0xFFFFDF40FF7F
1654,6_21_2015_16_12_4_24981296,129284,Processed,Navigation Data,Garmin,4,255,3,0,34,0xFFFFFFFFFF0FFFFFFFFFFFFFFFFFFFFFFFFFFFFFFFFFFFFFFFFFFF7FFFFFFF7FFF7F
1655,6_21_2015_16_12_4_24981302,129283,Processed,Cross Track Error,Garmin,4,255,3,1,8,0xFFFFFFFFFF7FFFFF
1656,6_21_2015_16_12_4_24981329,127250,Processed,Vessel Heading,Garmin,1,255,2,1,8,0xFF907AFF7FFF7FFD
1657,6_21_2015_16_12_4_24981338,127245,Processed,Rudder,Garmin,1,255,2,1,8,0x00F8FF7F5FB8FFFF
1658,6_21_2015_16_12_4_24981349,127508,Processed,Battery Status,Garmin,6,255,2,1,8,0x017505FF7FFFFFFF
1659,6_21_2015_16_12_4_24981430,127250,Processed,Vessel Heading,Garmin,1,255,2,1,8,0xFF907AFF7FFF7FFD
1660,6_21_2015_16_12_4_24981436,127245,Processed,Rudder,Garmin,1,255,2,1,8,0x00F8FF7F5FB8FFFF
1661,6_21_2015_16_12_4_24981448,127508,Processed,Battery Status,Garmin,6,255,2,1,8,0x017505FF7FFFFFFF
1662,6_21_2015_16_12_4_24981531,127250,Processed,Vessel Heading,Garmin,1,255,2,1,8,0xFF917AFF7FFF7FFD
1663,6_21_2015_16_12_4_24981537,127245,Processed,Rudder,Garmin,1,255,2,1,8,0x00F8FF7F5FB8FFFF
1664,6_21_2015_16_12_4_24981548,127508,Processed,Battery Status,Garmin,6,255,2,1,8,0x017505FF7FFFFFFF
1665,6_21_2015_16_12_4_24981616,60928,Processed,ISO IOP_N2K_ADDR Claim,Garmin,9,255,6,1,8,0xB0A3B61C0082F0C0
1666,6_21_2015_16_12_4_24981623,60928,Processed,ISO IOP_N2K_ADDR Claim,Garmin,6,255,6,1,8,0x8CAEB71C00AAA0C0
1667,6_21_2015_16_12_4_24981629,60928,Processed,ISO IOP_N2K_ADDR Claim,Garmin,4,255,6,1,8,0xF053BD1C00CD78C0
1668,6_21_2015_16_12_4_24981636,127250,Processed,Vessel Heading,Garmin,1,255,2,1,8,0xFF917AFF7FFF7FFD
1669,6_21_2015_16_12_4_24981644,127245,Processed,Rudder,Garmin,1,255,2,1,8,0x00F8FF7F5FB8FFFF
1670,6_21_2015_16_12_4_24981651,60928,Processed,ISO IOP_N2K_ADDR Claim,Garmin,1,255,6,1,8,0x80AAA41C009650C0
1671,6_21_2015_16_12_4_24981657,127508,Processed,Battery Status,Garmin,6,255,2,1,8,0x017505FF7FFFFFFF
1672,6_21_2015_16_12_4_24981732,127250,Processed,Vessel Heading,Garmin,1,255,2,1,8,0xFF927AFF7FFF7FFD
1673,6_21_2015_16_12_4_24981740,127245,Processed,Rudder,Garmin,1,255,2,1,8,0x00F8FF7F5FB8FFFF
1674,6_21_2015_16_12_4_24981748,127508,Processed,Battery Status,Garmin,6,255,2,1,8,0x017505FF7FFFFFFF
1675,6_21_2015_16_12_4_24981833,127250,Processed,Vessel Heading,Garmin,1,255,2,1,8,0xFF927AFF7FFF7FFD
1676,6_21_2015_16_12_4_24981840,127245,Processed,Rudder,Garmin,1,255,2,1,8,0x00F8FF7F5FB8FFFF
1677,6_21_2015_16_12_4_24981849,127508,Processed,Battery Status,Garmin,6,255,2,1,8,0x017505FF7FFFFFFF
1678,6_21_2015_16_12_4_24981934,127250,Processed,Vessel Heading,Garmin,1,255,2,1,8,0xFF937AFF7FFF7FFD
1679,6_21_2015_16_12_4_24981940,127245,Processed,Rudder,Garmin,1,255,2,1,8,0x00F8FF7F5FB8FFFF
1680,6_21_2015_16_12_4_24981948,127508,Processed,Battery Status,Garmin,6,255,2,1,8,0x017505FF7FFFFFFF
1681,6_21_2015_16_12_4_24982035,127250,Processed,Vessel Heading,Garmin,1,255,2,1,8,0xFF937AFF7FFF7FFD
1682,6_21_2015_16_12_4_24982042,127245,Processed,Rudder,Garmin,1,255,2,1,8,0x00F8FF7F5FB8FFFF
1683,6_21_2015_16_12_4_24982051,59904,Processed,ISO Request,Garmin,9,255,6,1,3,0x00EE00
1684,6_21_2015_16_12_4_24982059,60928,Processed,ISO IOP_N2K_ADDR Claim,Garmin,6,255,6,1,8,0x8CAEB71C00AAA0C0
1685,6_21_2015_16_12_4_24982067,127508,Processed,Battery Status,Garmin,6,255,2,1,8,0x017505FF7FFFFFFF
1686,6_21_2015_16_12_4_24982076,60928,Processed,ISO IOP_N2K_ADDR Claim,Garmin,4,255,6,1,8,0xF053BD1C00CD78C0
1687,6_21_2015_16_12_4_24982099,60928,Processed,ISO IOP_N2K_ADDR Claim,Garmin,1,255,6,1,8,0x80AAA41C009650C0
1688,6_21_2015_16_12_5_24982135,127250,Processed,Vessel Heading,Garmin,1,255,2,1,8,0xFF937AFF7FFF7FFD
1689,6_21_2015_16_12_5_24982143,127245,Processed,Rudder,Garmin,1,255,2,1,8,0x00F8FF7F5FB8FFFF
1690,6_21_2015_16_12_5_24982150,127508,Processed,Battery Status,Garmin,6,255,2,1,8,0x017505FF7FFFFFFF
1691,6_21_2015_16_12_5_24982236,127250,Processed,Vessel Heading,Garmin,1,255,2,1,8,0xFF947AFF7FFF7FFD
1692,6_21_2015_16_12_5_24982243,127245,Processed,Rudder,Garmin,1,255,2,1,8,0x00F8FF7F5FB8FFFF
1693,6_21_2015_16_12_5_24982251,127508,Processed,Battery Status,Garmin,6,255,2,1,8,0x017505FF7FFFFFFF
1694,6_21_2015_16_12_5_24982280,127258,Unprocessed,Magnetic Variation,Garmin,9,255,6,1,6,0xFFFFDF40FF7F
1695,6_21_2015_16_12_5_24982337,127250,Processed,Vessel Heading,Garmin,1,255,2,1,8,0xFF947AFF7FFF7FFD
1696,6_21_2015_16_12_5_24982344,127245,Processed,Rudder,Garmin,1,255,2,1,8,0x00F8FF7F5FB8FFFF
1697,6_21_2015_16_12_5_24982353,127508,Processed,Battery Status,Garmin,6,255,2,1,8,0x017505FF7FFFFFFF
1698,6_21_2015_16_12_5_24982437,127250,Processed,Vessel Heading,Garmin,1,255,2,1,8,0xFF937AFF7FFF7FFD
1699,6_21_2015_16_12_5_24982443,127245,Processed,Rudder,Garmin,1,255,2,1,8,0x00F8FF7F5FB8FFFF
1700,6_21_2015_16_12_5_24982450,127508,Processed,Battery Status,Garmin,6,255,2,1,8,0x017505FF7FFFFFFF
1701,6_21_2015_16_12_5_24982489,129284,Processed,Navigation Data,Garmin,4,255,3,0,34,0xFFFFFFFFFF0FFFFFFFFFFFFFFFFFFFFFFFFFFFFFFFFFFFFFFFFFFF7FFFFFFF7FFF7F
1702,6_21_2015_16_12_5_24982496,129283,Processed,Cross Track Error,Garmin,4,255,3,1,8,0xFFFFFFFFFF7FFFFF
1703,6_21_2015_16_12_5_24982538,127250,Processed,Vessel Heading,Garmin,1,255,2,1,8,0xFF937AFF7FFF7FFD
1704,6_21_2015_16_12_5_24982545,127245,Processed,Rudder,Garmin,1,255,2,1,8,0x00F8FF7F5FB8FFFF
1705,6_21_2015_16_12_5_24982554,127508,Processed,Battery Status,Garmin,6,255,2,1,8,0x017505FF7FFFFFFF
1706,6_21_2015_16_12_5_24982639,127250,Processed,Vessel Heading,Garmin,1,255,2,1,8,0xFF937AFF7FFF7FFD
1707,6_21_2015_16_12_5_24982645,127245,Processed,Rudder,Garmin,1,255,2,1,8,0x00F8FF7F5FB8FFFF
1708,6_21_2015_16_12_5_24982652,127508,Processed,Battery Status,Garmin,6,255,2,1,8,0x017505FF7FFFFFFF
1709,6_21_2015_16_12_5_24982739,127250,Processed,Vessel Heading,Garmin,1,255,2,1,8,0xFF947AFF7FFF7FFD
1710,6_21_2015_16_12_5_24982746,127245,Processed,Rudder,Garmin,1,255,2,1,8,0x00F8FF7F5FB8FFFF
1711,6_21_2015_16_12_5_24982752,127508,Processed,Battery Status,Garmin,6,255,2,1,8,0x017505FF7FFFFFFF
1712,6_21_2015_16_12_5_24982840,127250,Processed,Vessel Heading,Garmin,1,255,2,1,8,0xFF947AFF7FFF7FFD
1713,6_21_2015_16_12_5_24982849,127245,Processed,Rudder,Garmin,1,255,2,1,8,0x00F8FF7F5FB8FFFF
1714,6_21_2015_16_12_5_24982856,127508,Processed,Battery Status,Garmin,6,255,2,1,8,0x017505FF7FFFFFFF
1715,6_21_2015_16_12_5_24982941,127250,Processed,Vessel Heading,Garmin,1,255,2,1,8,0xFF937AFF7FFF7FFD
1716,6_21_2015_16_12_5_24982948,127245,Processed,Rudder,Garmin,1,255,2,1,8,0x00F8FF7F5FB8FFFF
1717,6_21_2015_16_12_5_24982956,127508,Processed,Battery Status,Garmin,6,255,2,1,8,0x017505FF7FFFFFFF
1718,6_21_2015_16_12_5_24983042,127250,Processed,Vessel Heading,Garmin,1,255,2,1,8,0xFF947AFF7FFF7FFD
1719,6_21_2015_16_12_5_24983048,127245,Processed,Rudder,Garmin,1,255,2,1,8,0x00F8FF7F5FB8FFFF
1720,6_21_2015_16_12_5_24983056,127508,Processed,Battery Status,Garmin,6,255,2,1,8,0x017505FF7FFFFFFF
1721,6_21_2015_16_12_6_24983142,127250,Processed,Vessel Heading,Garmin,1,255,2,1,8,0xFF947AFF7FFF7FFD
1722,6_21_2015_16_12_6_24983149,127245,Processed,Rudder,Garmin,1,255,2,1,8,0x00F8FF7F5FB8FFFF
1723,6_21_2015_16_12_6_24983159,127508,Processed,Battery Status,Garmin,6,255,2,1,8,0x017505FF7FFFFFFF
1724,6_21_2015_16_12_6_24983243,127250,Processed,Vessel Heading,Garmin,1,255,2,1,8,0xFF957AFF7FFF7FFD
1725,6_21_2015_16_12_6_24983251,127245,Processed,Rudder,Garmin,1,255,2,1,8,0x00F8FF7F5FB8FFFF
1726,6_21_2015_16_12_6_24983258,127508,Processed,Battery Status,Garmin,6,255,2,1,8,0x017505FF7FFFFFFF
1727,6_21_2015_16_12_6_24983281,127258,Unprocessed,Magnetic Variation,Garmin,9,255,6,1,6,0xFFFFDF40FF7F
1728,6_21_2015_16_12_6_24983344,127250,Processed,Vessel Heading,Garmin,1,255,2,1,8,0xFF957AFF7FFF7FFD
1729,6_21_2015_16_12_6_24983352,127245,Processed,Rudder,Garmin,1,255,2,1,8,0x00F8FF7F5FB8FFFF
1730,6_21_2015_16_12_6_24983360,127508,Processed,Battery Status,Garmin,6,255,2,1,8,0x017505FF7FFFFFFF
1731,6_21_2015_16_12_6_24983444,127250,Processed,Vessel Heading,Garmin,1,255,2,1,8,0xFF957AFF7FFF7FFD
1732,6_21_2015_16_12_6_24983452,127245,Processed,Rudder,Garmin,1,255,2,1,8,0x00F8FF7F5FB8FFFF
1733,6_21_2015_16_12_6_24983460,127508,Processed,Battery Status,Garmin,6,255,2,1,8,0x017505FF7FFFFFFF
1734,6_21_2015_16_12_6_24983539,129284,Processed,Navigation Data,Garmin,4,255,3,0,34,0xFFFFFFFFFF0FFFFFFFFFFFFFFFFFFFFFFFFFFFFFFFFFFFFFFFFFFF7FFFFFFF7FFF7F
1735,6_21_2015_16_12_6_24983546,129283,Processed,Cross Track Error,Garmin,4,255,3,1,8,0xFFFFFFFFFF7FFFFF
1736,6_21_2015_16_12_6_24983553,127250,Processed,Vessel Heading,Garmin,1,255,2,1,8,0xFF957AFF7FFF7FFD
1737,6_21_2015_16_12_6_24983562,127245,Processed,Rudder,Garmin,1,255,2,1,8,0x00F8FF7F5FB8FFFF
1738,6_21_2015_16_12_6_24983571,127508,Processed,Battery Status,Garmin,6,255,2,1,8,0x017505FF7FFFFFFF
1739,6_21_2015_16_12_6_24983646,127250,Processed,Vessel Heading,Garmin,1,255,2,1,8,0xFF957AFF7FFF7FFD
1740,6_21_2015_16_12_6_24983653,127245,Processed,Rudder,Garmin,1,255,2,1,8,0x00F8FF7F5FB8FFFF
1741,6_21_2015_16_12_6_24983662,127508,Processed,Battery Status,Garmin,6,255,2,1,8,0x017505FF7FFFFFFF
1742,6_21_2015_16_12_6_24983746,127250,Processed,Vessel Heading,Garmin,1,255,2,1,8,0xFF947AFF7FFF7FFD
1743,6_21_2015_16_12_6_24983758,127245,Processed,Rudder,Garmin,1,255,2,1,8,0x00F8FF7F5FB8FFFF
1744,6_21_2015_16_12_6_24983765,127508,Processed,Battery Status,Garmin,6,255,2,1,8,0x017505FF7FFFFFFF
1745,6_21_2015_16_12_6_24983847,127250,Processed,Vessel Heading,Garmin,1,255,2,1,8,0xFF947AFF7FFF7FFD
1746,6_21_2015_16_12_6_24983855,127245,Processed,Rudder,Garmin,1,255,2,1,8,0x00F8FF7F5FB8FFFF
1747,6_21_2015_16_12_6_24983863,127508,Processed,Battery Status,Garmin,6,255,2,1,8,0x017505FF7FFFFFFF
1748,6_21_2015_16_12_6_24983948,127250,Processed,Vessel Heading,Garmin,1,255,2,1,8,0xFF947AFF7FFF7FFD
1749,6_21_2015_16_12_6_24983955,127245,Processed,Rudder,Garmin,1,255,2,1,8,0x00F8FF7F5FB8FFFF
1750,6_21_2015_16_12_6_24983962,127508,Processed,Battery Status,Garmin,6,255,2,1,8,0x017505FF7FFFFFFF
1751,6_21_2015_16_12_6_24984049,127508,Processed,Battery Status,Garmin,6,255,2,1,8,0x017505FF7FFFFFFF
1752,6_21_2015_16_12_6_24984056,127250,Processed,Vessel Heading,Garmin,1,255,2,1,8,0xFF947AFF7FFF7FFD
1753,6_21_2015_16_12_6_24984064,127245,Processed,Rudder,Garmin,1,255,2,1,8,0x00F8FF7F5FB8FFFF
1754,6_21_2015_16_12_7_24984149,127508,Processed,Battery Status,Garmin,6,255,2,1,8,0x017505FF7FFFFFFF
1755,6_21_2015_16_12_7_24984156,127250,Processed,Vessel Heading,Garmin,1,255,2,1,8,0xFF957AFF7FFF7FFD
1756,6_21_2015_16_12_7_24984163,127245,Processed,Rudder,Garmin,1,255,2,1,8,0x00F8FF7F5FB8FFFF
1757,6_21_2015_16_12_7_24984248,127508,Processed,Battery Status,Garmin,6,255,2,1,8,0x017505FF7FFFFFFF
1758,6_21_2015_16_12_7_24984255,127250,Processed,Vessel Heading,Garmin,1,255,2,1,8,0xFF957AFF7FFF7FFD
1759,6_21_2015_16_12_7_24984263,127245,Processed,Rudder,Garmin,1,255,2,1,8,0x00F8FF7F5FB8FFFF
1760,6_21_2015_16_12_7_24984280,127258,Unprocessed,Magnetic Variation,Garmin,9,255,6,1,6,0xFFFFDF40FF7F
1761,6_21_2015_16_12_7_24984349,127508,Processed,Battery Status,Garmin,6,255,2,1,8,0x017505FF7FFFFFFF
1762,6_21_2015_16_12_7_24984356,127250,Processed,Vessel Heading,Garmin,1,255,2,1,8,0xFF957AFF7FFF7FFD
1763,6_21_2015_16_12_7_24984364,127245,Processed,Rudder,Garmin,1,255,2,1,8,0x00F8FF7F5FB8FFFF
1764,6_21_2015_16_12_7_24984449,127508,Processed,Battery Status,Garmin,6,255,2,1,8,0x017505FF7FFFFFFF
1765,6_21_2015_16_12_7_24984456,127250,Processed,Vessel Heading,Garmin,1,255,2,1,8,0xFF967AFF7FFF7FFD
1766,6_21_2015_16_12_7_24984463,127245,Processed,Rudder,Garmin,1,255,2,1,8,0x00F8FF7F5FB8FFFF
1767,6_21_2015_16_12_7_24984549,127508,Processed,Battery Status,Garmin,6,255,2,1,8,0x017505FF7FFFFFFF
1768,6_21_2015_16_12_7_24984556,127250,Processed,Vessel Heading,Garmin,1,255,2,1,8,0xFF967AFF7FFF7FFD
1769,6_21_2015_16_12_7_24984563,127245,Processed,Rudder,Garmin,1,255,2,1,8,0x00F8FF7F5FB8FFFF
1770,6_21_2015_16_12_7_24984589,129284,Processed,Navigation Data,Garmin,4,255,3,0,34,0xFFFFFFFFFF0FFFFFFFFFFFFFFFFFFFFFFFFFFFFFFFFFFFFFFFFFFF7FFFFFFF7FFF7F
1771,6_21_2015_16_12_7_24984597,129283,Processed,Cross Track Error,Garmin,4,255,3,1,8,0xFFFFFFFFFF7FFFFF
1772,6_21_2015_16_12_7_24984649,127508,Processed,Battery Status,Garmin,6,255,2,1,8,0x017205FF7FFFFFFF
1773,6_21_2015_16_12_7_24984656,127250,Processed,Vessel Heading,Garmin,1,255,2,1,8,0xFF977AFF7FFF7FFD
1774,6_21_2015_16_12_7_24984662,127245,Processed,Rudder,Garmin,1,255,2,1,8,0x00F8FF7F5FB8FFFF
1775,6_21_2015_16_12_7_24984749,127508,Processed,Battery Status,Garmin,6,255,2,1,8,0x017505FF7FFFFFFF
1776,6_21_2015_16_12_7_24984763,127250,Processed,Vessel Heading,Garmin,1,255,2,1,8,0xFF967AFF7FFF7FFD
1777,6_21_2015_16_12_7_24984771,127245,Processed,Rudder,Garmin,1,255,2,1,8,0x00F8FF7F5FB8FFFF
1778,6_21_2015_16_12_7_24984849,127508,Processed,Battery Status,Garmin,6,255,2,1,8,0x017505FF7FFFFFFF
1779,6_21_2015_16_12_7_24984856,127250,Processed,Vessel Heading,Garmin,1,255,2,1,8,0xFF967AFF7FFF7FFD
1780,6_21_2015_16_12_7_24984864,127245,Processed,Rudder,Garmin,1,255,2,1,8,0x00F8FF7F5FB8FFFF
1781,6_21_2015_16_12_7_24984949,127508,Processed,Battery Status,Garmin,6,255,2,1,8,0x017505FF7FFFFFFF
1782,6_21_2015_16_12_7_24984955,127250,Processed,Vessel Heading,Garmin,1,255,2,1,8,0xFF967AFF7FFF7FFD
1783,6_21_2015_16_12_7_24984963,127245,Processed,Rudder,Garmin,1,255,2,1,8,0x00F8FF7F5FB8FFFF
1784,6_21_2015_16_12_7_24985049,127508,Processed,Battery Status,Garmin,6,255,2,1,8,0x017505FF7FFFFFFF
1785,6_21_2015_16_12_7_24985057,127250,Processed,Vessel Heading,Garmin,1,255,2,1,8,0xFF977AFF7FFF7FFD
1786,6_21_2015_16_12_7_24985064,127245,Processed,Rudder,Garmin,1,255,2,1,8,0x00F8FF7F5FB8FFFF
1787,6_21_2015_16_12_8_24985149,127508,Processed,Battery Status,Garmin,6,255,2,1,8,0x017505FF7FFFFFFF
1788,6_21_2015_16_12_8_24985156,127250,Processed,Vessel Heading,Garmin,1,255,2,1,8,0xFF977AFF7FFF7FFD
1789,6_21_2015_16_12_8_24985165,127245,Processed,Rudder,Garmin,1,255,2,1,8,0x00F8FF7F5FB8FFFF
1790,6_21_2015_16_12_8_24985249,127508,Processed,Battery Status,Garmin,6,255,2,1,8,0x017505FF7FFFFFFF
1791,6_21_2015_16_12_8_24985257,127250,Processed,Vessel Heading,Garmin,1,255,2,1,8,0xFF967AFF7FFF7FFD
1792,6_21_2015_16_12_8_24985264,127245,Processed,Rudder,Garmin,1,255,2,1,8,0x00F8FF7F5FB8FFFF
1793,6_21_2015_16_12_8_24985280,127258,Unprocessed,Magnetic Variation,Garmin,9,255,6,1,6,0xFFFFDF40FF7F
1794,6_21_2015_16_12_8_24985349,127508,Processed,Battery Status,Garmin,6,255,2,1,8,0x017505FF7FFFFFFF
1795,6_21_2015_16_12_8_24985358,127250,Processed,Vessel Heading,Garmin,1,255,2,1,8,0xFF967AFF7FFF7FFD
1796,6_21_2015_16_12_8_24985365,127245,Processed,Rudder,Garmin,1,255,2,1,8,0x00F8FF7F5FB8FFFF
1797,6_21_2015_16_12_8_24985449,127508,Processed,Battery Status,Garmin,6,255,2,1,8,0x017505FF7FFFFFFF
1798,6_21_2015_16_12_8_24985459,127250,Processed,Vessel Heading,Garmin,1,255,2,1,8,0xFF967AFF7FFF7FFD
1799,6_21_2015_16_12_8_24985467,127245,Processed,Rudder,Garmin,1,255,2,1,8,0x00F8FF7F5FB8FFFF
1800,6_21_2015_16_12_8_24985549,127508,Processed,Battery Status,Garmin,6,255,2,1,8,0x017505FF7FFFFFFF
1801,6_21_2015_16_12_8_24985559,127250,Processed,Vessel Heading,Garmin,1,255,2,1,8,0xFF977AFF7FFF7FFD
1802,6_21_2015_16_12_8_24985567,127245,Processed,Rudder,Garmin,1,255,2,1,8,0x00F8FF7F5FB8FFFF
1803,6_21_2015_16_12_8_24985640,129284,Processed,Navigation Data,Garmin,4,255,3,0,34,0xFFFFFFFFFF0FFFFFFFFFFFFFFFFFFFFFFFFFFFFFFFFFFFFFFFFFFF7FFFFFFF7FFF7F
1804,6_21_2015_16_12_8_24985649,129283,Processed,Cross Track Error,Garmin,4,255,3,1,8,0xFFFFFFFFFF7FFFFF
1805,6_21_2015_16_12_8_24985657,127508,Processed,Battery Status,Garmin,6,255,2,1,8,0x017505FF7FFFFFFF
1806,6_21_2015_16_12_8_24985664,127250,Processed,Vessel Heading,Garmin,1,255,2,1,8,0xFF977AFF7FFF7FFD
1807,6_21_2015_16_12_8_24985672,127245,Processed,Rudder,Garmin,1,255,2,1,8,0x00F8FF7F5FB8FFFF
1808,6_21_2015_16_12_8_24985749,127508,Processed,Battery Status,Garmin,6,255,2,1,8,0x017505FF7FFFFFFF
1809,6_21_2015_16_12_8_24985761,127250,Processed,Vessel Heading,Garmin,1,255,2,1,8,0xFF987AFF7FFF7FFD
1810,6_21_2015_16_12_8_24985768,127245,Processed,Rudder,Garmin,1,255,2,1,8,0x00F8FF7F5FB8FFFF
1811,6_21_2015_16_12_8_24985849,127508,Processed,Battery Status,Garmin,6,255,2,1,8,0x017505FF7FFFFFFF
1812,6_21_2015_16_12_8_24985862,127250,Processed,Vessel Heading,Garmin,1,255,2,1,8,0xFF987AFF7FFF7FFD
1813,6_21_2015_16_12_8_24985870,127245,Processed,Rudder,Garmin,1,255,2,1,8,0x00F8FF7F5FB8FFFF
1814,6_21_2015_16_12_8_24985949,127508,Processed,Battery Status,Garmin,6,255,2,1,8,0x017505FF7FFFFFFF
1815,6_21_2015_16_12_8_24985962,127250,Processed,Vessel Heading,Garmin,1,255,2,1,8,0xFF977AFF7FFF7FFD
1816,6_21_2015_16_12_8_24985970,127245,Processed,Rudder,Garmin,1,255,2,1,8,0x00F8FF7F5FB8FFFF
1817,6_21_2015_16_12_8_24986049,127508,Processed,Battery Status,Garmin,6,255,2,1,8,0x017505FF7FFFFFFF
1818,6_21_2015_16_12_8_24986063,127250,Processed,Vessel Heading,Garmin,1,255,2,1,8,0xFF967AFF7FFF7FFD
1819,6_21_2015_16_12_8_24986072,127245,Processed,Rudder,Garmin,1,255,2,1,8,0x00F8FF7F5FB8FFFF
1820,6_21_2015_16_12_9_24986149,127508,Processed,Battery Status,Garmin,6,255,2,1,8,0x017505FF7FFFFFFF
1821,6_21_2015_16_12_9_24986164,127250,Processed,Vessel Heading,Garmin,1,255,2,1,8,0xFF977AFF7FFF7FFD
1822,6_21_2015_16_12_9_24986172,127245,Processed,Rudder,Garmin,1,255,2,1,8,0x00F8FF7F5FB8FFFF
1823,6_21_2015_16_12_9_24986249,127508,Processed,Battery Status,Garmin,6,255,2,1,8,0x017505FF7FFFFFFF
1824,6_21_2015_16_12_9_24986264,127250,Processed,Vessel Heading,Garmin,1,255,2,1,8,0xFF967AFF7FFF7FFD
1825,6_21_2015_16_12_9_24986272,127245,Processed,Rudder,Garmin,1,255,2,1,8,0x00F8FF7F5FB8FFFF
1826,6_21_2015_16_12_9_24986280,127258,Unprocessed,Magnetic Variation,Garmin,9,255,6,1,6,0xFFFFDF40FF7F
1827,6_21_2015_16_12_9_24986349,127508,Processed,Battery Status,Garmin,6,255,2,1,8,0x017505FF7FFFFFFF
1828,6_21_2015_16_12_9_24986365,127250,Processed,Vessel Heading,Garmin,1,255,2,1,8,0xFF977AFF7FFF7FFD
1829,6_21_2015_16_12_9_24986374,127245,Processed,Rudder,Garmin,1,255,2,1,8,0x00F8FF7F5FB8FFFF
1830,6_21_2015_16_12_9_24986449,127508,Processed,Battery Status,Garmin,6,255,2,1,8,0x017505FF7FFFFFFF
1831,6_21_2015_16_12_9_24986466,127250,Processed,Vessel Heading,Garmin,1,255,2,1,8,0xFF977AFF7FFF7FFD
1832,6_21_2015_16_12_9_24986473,127245,Processed,Rudder,Garmin,1,255,2,1,8,0x00F8FF7F5FB8FFFF
1833,6_21_2015_16_12_9_24986549,127508,Processed,Battery Status,Garmin,6,255,2,1,8,0x017505FF7FFFFFFF
1834,6_21_2015_16_12_9_24986566,127250,Processed,Vessel Heading,Garmin,1,255,2,1,8,0xFF977AFF7FFF7FFD
1835,6_21_2015_16_12_9_24986575,127245,Processed,Rudder,Garmin,1,255,2,1,8,0x00F8FF7F5FB8FFFF
1836,6_21_2015_16_12_9_24986616,60928,Processed,ISO IOP_N2K_ADDR Claim,Garmin,9,255,6,1,8,0xB0A3B61C0082F0C0
1837,6_21_2015_16_12_9_24986671,60928,Processed,ISO IOP_N2K_ADDR Claim,Garmin,6,255,6,1,8,0x8CAEB71C00AAA0C0
1838,6_21_2015_16_12_9_24986679,60928,Processed,ISO IOP_N2K_ADDR Claim,Garmin,4,255,6,1,8,0xF053BD1C00CD78C0
1839,6_21_2015_16_12_9_24986686,60928,Processed,ISO IOP_N2K_ADDR Claim,Garmin,1,255,6,1,8,0x80AAA41C009650C0
1840,6_21_2015_16_12_9_24986692,127508,Processed,Battery Status,Garmin,6,255,2,1,8,0x017505FF7FFFFFFF
1841,6_21_2015_16_12_9_24986699,127250,Processed,Vessel Heading,Garmin,1,255,2,1,8,0xFF967AFF7FFF7FFD
1842,6_21_2015_16_12_9_24986707,127245,Processed,Rudder,Garmin,1,255,2,1,8,0x00F8FF7F5FB8FFFF
1843,6_21_2015_16_12_9_24986714,129284,Processed,Navigation Data,Garmin,4,255,3,0,34,0xFFFFFFFFFF0FFFFFFFFFFFFFFFFFFFFFFFFFFFFFFFFFFFFFFFFFFF7FFFFFFF7FFF7F
1844,6_21_2015_16_12_9_24986723,129283,Processed,Cross Track Error,Garmin,4,255,3,1,8,0xFFFFFFFFFF7FFFFF
1845,6_21_2015_16_12_9_24986749,127508,Processed,Battery Status,Garmin,6,255,2,1,8,0x017505FF7FFFFFFF
1846,6_21_2015_16_12_9_24986768,127250,Processed,Vessel Heading,Garmin,1,255,2,1,8,0xFF967AFF7FFF7FFD
1847,6_21_2015_16_12_9_24986775,127245,Processed,Rudder,Garmin,1,255,2,1,8,0x00F8FF7F5FB8FFFF
1848,6_21_2015_16_12_9_24986849,127508,Processed,Battery Status,Garmin,6,255,2,1,8,0x017505FF7FFFFFFF
1849,6_21_2015_16_12_9_24986869,127250,Processed,Vessel Heading,Garmin,1,255,2,1,8,0xFF977AFF7FFF7FFD
1850,6_21_2015_16_12_9_24986877,127245,Processed,Rudder,Garmin,1,255,2,1,8,0x00F8FF7F5FB8FFFF
1851,6_21_2015_16_12_9_24986949,127508,Processed,Battery Status,Garmin,6,255,2,1,8,0x017505FF7FFFFFFF
1852,6_21_2015_16_12_9_24986969,127250,Processed,Vessel Heading,Garmin,1,255,2,1,8,0xFF977AFF7FFF7FFD
1853,6_21_2015_16_12_9_24986977,127245,Processed,Rudder,Garmin,1,255,2,1,8,0x00F8FF7F5FB8FFFF
1854,6_21_2015_16_12_9_24987049,127508,Processed,Battery Status,Garmin,6,255,2,1,8,0x017505FF7FFFFFFF
1855,6_21_2015_16_12_9_24987071,127250,Processed,Vessel Heading,Garmin,1,255,2,1,8,0xFF967AFF7FFF7FFD
1856,6_21_2015_16_12_9_24987080,127245,Processed,Rudder,Garmin,1,255,2,1,8,0x00F8FF7F5FB8FFFF
1857,6_21_2015_16_12_10_24987149,127508,Processed,Battery Status,Garmin,6,255,2,1,8,0x017505FF7FFFFFFF
1858,6_21_2015_16_12_10_24987172,127250,Processed,Vessel Heading,Garmin,1,255,2,1,8,0xFF957AFF7FFF7FFD
1859,6_21_2015_16_12_10_24987178,127245,Processed,Rudder,Garmin,1,255,2,1,8,0x00F8FF7F5FB8FFFF
1860,6_21_2015_16_12_10_24987249,127508,Processed,Battery Status,Garmin,6,255,2,1,8,0x017505FF7FFFFFFF
1861,6_21_2015_16_12_10_24987272,127250,Processed,Vessel Heading,Garmin,1,255,2,1,8,0xFF957AFF7FFF7FFD
1862,6_21_2015_16_12_10_24987280,127245,Processed,Rudder,Garmin,1,255,2,1,8,0x00F8FF7F5FB8FFFF
1863,6_21_2015_16_12_10_24987287,127258,Unprocessed,Magnetic Variation,Garmin,9,255,6,1,6,0xFFFFDF40FF7F
1864,6_21_2015_16_12_10_24987349,127508,Processed,Battery Status,Garmin,6,255,2,1,8,0x017505FF7FFFFFFF
1865,6_21_2015_16_12_10_24987372,127250,Processed,Vessel Heading,Garmin,1,255,2,1,8,0xFF957AFF7FFF7FFD
1866,6_21_2015_16_12_10_24987381,127245,Processed,Rudder,Garmin,1,255,2,1,8,0x00F8FF7F5FB8FFFF
1867,6_21_2015_16_12_10_24987449,127508,Processed,Battery Status,Garmin,6,255,2,1,8,0x017505FF7FFFFFFF
1868,6_21_2015_16_12_10_24987473,127250,Processed,Vessel Heading,Garmin,1,255,2,1,8,0xFF967AFF7FFF7FFD
1869,6_21_2015_16_12_10_24987480,127245,Processed,Rudder,Garmin,1,255,2,1,8,0x00F8FF7F5FB8FFFF
1870,6_21_2015_16_12_10_24987549,127508,Processed,Battery Status,Garmin,6,255,2,1,8,0x017505FF7FFFFFFF
1871,6_21_2015_16_12_10_24987573,127250,Processed,Vessel Heading,Garmin,1,255,2,1,8,0xFF967AFF7FFF7FFD
1872,6_21_2015_16_12_10_24987580,127245,Processed,Rudder,Garmin,1,255,2,1,8,0x00F8FF7F5FB8FFFF
1873,6_21_2015_16_12_10_24987649,127508,Processed,Battery Status,Garmin,6,255,2,1,8,0x017505FF7FFFFFFF
1874,6_21_2015_16_12_10_24987674,127250,Processed,Vessel Heading,Garmin,1,255,2,1,8,0xFF977AFF7FFF7FFD
1875,6_21_2015_16_12_10_24987681,127245,Processed,Rudder,Garmin,1,255,2,1,8,0x00F8FF7F5FB8FFFF
1876,6_21_2015_16_12_10_24987740,129284,Processed,Navigation Data,Garmin,4,255,3,0,34,0xFFFFFFFFFF0FFFFFFFFFFFFFFFFFFFFFFFFFFFFFFFFFFFFFFFFFFF7FFFFFFF7FFF7F
1877,6_21_2015_16_12_10_24987747,129283,Processed,Cross Track Error,Garmin,4,255,3,1,8,0xFFFFFFFFFF7FFFFF
1878,6_21_2015_16_12_10_24987755,127508,Processed,Battery Status,Garmin,6,255,2,1,8,0x017505FF7FFFFFFF
1879,6_21_2015_16_12_10_24987775,127250,Processed,Vessel Heading,Garmin,1,255,2,1,8,0xFF987AFF7FFF7FFD
1880,6_21_2015_16_12_10_24987781,127245,Processed,Rudder,Garmin,1,255,2,1,8,0x00F8FF7F5FB8FFFF
1881,6_21_2015_16_12_10_24987849,127508,Processed,Battery Status,Garmin,6,255,2,1,8,0x017505FF7FFFFFFF
1882,6_21_2015_16_12_10_24987876,127250,Processed,Vessel Heading,Garmin,1,255,2,1,8,0xFF987AFF7FFF7FFD
1883,6_21_2015_16_12_10_24987883,127245,Processed,Rudder,Garmin,1,255,2,1,8,0x00F8FF7F5FB8FFFF
1884,6_21_2015_16_12_10_24987949,127508,Processed,Battery Status,Garmin,6,255,2,1,8,0x017505FF7FFFFFFF
1885,6_21_2015_16_12_10_24987976,127250,Processed,Vessel Heading,Garmin,1,255,2,1,8,0xFF987AFF7FFF7FFD
1886,6_21_2015_16_12_10_24987984,127245,Processed,Rudder,Garmin,1,255,2,1,8,0x00F8FF7F5FB8FFFF
1887,6_21_2015_16_12_10_24988049,127508,Processed,Battery Status,Garmin,6,255,2,1,8,0x017505FF7FFFFFFF
1888,6_21_2015_16_12_10_24988108,127250,Processed,Vessel Heading,Garmin,1,255,2,1,8,0xFF987AFF7FFF7FFD
1889,6_21_2015_16_12_10_24988115,127245,Processed,Rudder,Garmin,1,255,2,1,8,0x00F8FF7F5FB8FFFF
1890,6_21_2015_16_12_11_24988149,127508,Processed,Battery Status,Garmin,6,255,2,1,8,0x017505FF7FFFFFFF
1891,6_21_2015_16_12_11_24988178,127250,Processed,Vessel Heading,Garmin,1,255,2,1,8,0xFF987AFF7FFF7FFD
1892,6_21_2015_16_12_11_24988184,127245,Processed,Rudder,Garmin,1,255,2,1,8,0x00F8FF7F5FB8FFFF
1893,6_21_2015_16_12_11_24988249,127508,Processed,Battery Status,Garmin,6,255,2,1,8,0x017505FF7FFFFFFF
1894,6_21_2015_16_12_11_24988279,127250,Processed,Vessel Heading,Garmin,1,255,2,1,8,0xFF987AFF7FFF7FFD
1895,6_21_2015_16_12_11_24988285,127245,Processed,Rudder,Garmin,1,255,2,1,8,0x00F8FF7F5FB8FFFF
1896,6_21_2015_16_12_11_24988291,127258,Unprocessed,Magnetic Variation,Garmin,9,255,6,1,6,0xFFFFDF40FF7F
1897,6_21_2015_16_12_11_24988349,127508,Processed,Battery Status,Garmin,6,255,2,1,8,0x017505FF7FFFFFFF
1898,6_21_2015_16_12_11_24988379,127250,Processed,Vessel Heading,Garmin,1,255,2,1,8,0xFF987AFF7FFF7FFD
1899,6_21_2015_16_12_11_24988394,127245,Processed,Rudder,Garmin,1,255,2,1,8,0x00F8FF7F5FB8FFFF
1900,6_21_2015_16_12_11_24988449,127508,Processed,Battery Status,Garmin,6,255,2,1,8,0x017505FF7FFFFFFF
1901,6_21_2015_16_12_11_24988480,127250,Processed,Vessel Heading,Garmin,1,255,2,1,8,0xFF987AFF7FFF7FFD
1902,6_21_2015_16_12_11_24988488,127245,Processed,Rudder,Garmin,1,255,2,1,8,0x00F8FF7F5FB8FFFF
1903,6_21_2015_16_12_11_24988549,127508,Processed,Battery Status,Garmin,6,255,2,1,8,0x017505FF7FFFFFFF
1904,6_21_2015_16_12_11_24988580,127250,Processed,Vessel Heading,Garmin,1,255,2,1,8,0xFF987AFF7FFF7FFD
1905,6_21_2015_16_12_11_24988589,127245,Processed,Rudder,Garmin,1,255,2,1,8,0x00F8FF7F5FB8FFFF
1906,6_21_2015_16_12_11_24988649,127508,Processed,Battery Status,Garmin,6,255,2,1,8,0x017505FF7FFFFFFF
1907,6_21_2015_16_12_11_24988681,127250,Processed,Vessel Heading,Garmin,1,255,2,1,8,0xFF987AFF7FFF7FFD
1908,6_21_2015_16_12_11_24988687,127245,Processed,Rudder,Garmin,1,255,2,1,8,0x00F8FF7F5FB8FFFF
1909,6_21_2015_16_12_11_24988749,127508,Processed,Battery Status,Garmin,6,255,2,1,8,0x017505FF7FFFFFFF
1910,6_21_2015_16_12_11_24988782,127250,Processed,Vessel Heading,Garmin,1,255,2,1,8,0xFF987AFF7FFF7FFD
1911,6_21_2015_16_12_11_24988788,127245,Processed,Rudder,Garmin,1,255,2,1,8,0x00F8FF7F5FB8FFFF
1912,6_21_2015_16_12_11_24988794,129284,Processed,Navigation Data,Garmin,4,255,3,0,34,0xFFFFFFFFFF0FFFFFFFFFFFFFFFFFFFFFFFFFFFFFFFFFFFFFFFFFFF7FFFFFFF7FFF7F
1913,6_21_2015_16_12_11_24988802,129283,Processed,Cross Track Error,Garmin,4,255,3,1,8,0xFFFFFFFFFF7FFFFF
1914,6_21_2015_16_12_11_24988849,127508,Processed,Battery Status,Garmin,6,255,2,1,8,0x017505FF7FFFFFFF
1915,6_21_2015_16_12_11_24988883,127250,Processed,Vessel Heading,Garmin,1,255,2,1,8,0xFF987AFF7FFF7FFD
1916,6_21_2015_16_12_11_24988889,127245,Processed,Rudder,Garmin,1,255,2,1,8,0x00F8FF7F5FB8FFFF
1917,6_21_2015_16_12_11_24988949,127508,Processed,Battery Status,Garmin,6,255,2,1,8,0x017505FF7FFFFFFF
1918,6_21_2015_16_12_11_24988983,127250,Processed,Vessel Heading,Garmin,1,255,2,1,8,0xFF997AFF7FFF7FFD
1919,6_21_2015_16_12_11_24988990,127245,Processed,Rudder,Garmin,1,255,2,1,8,0x00F8FF7F5FB8FFFF
1920,6_21_2015_16_12_11_24989049,127508,Processed,Battery Status,Garmin,6,255,2,1,8,0x017505FF7FFFFFFF
1921,6_21_2015_16_12_11_24989084,127250,Processed,Vessel Heading,Garmin,1,255,2,1,8,0xFF997AFF7FFF7FFD
1922,6_21_2015_16_12_11_24989092,127245,Processed,Rudder,Garmin,1,255,2,1,8,0x00F8FF7F5FB8FFFF
1923,6_21_2015_16_12_12_24989149,127508,Processed,Battery Status,Garmin,6,255,2,1,8,0x017505FF7FFFFFFF
1924,6_21_2015_16_12_12_24989185,127250,Processed,Vessel Heading,Garmin,1,255,2,1,8,0xFF9A7AFF7FFF7FFD
1925,6_21_2015_16_12_12_24989193,127245,Processed,Rudder,Garmin,1,255,2,1,8,0x00F8FF7F5FB8FFFF
1926,6_21_2015_16_12_12_24989249,127508,Processed,Battery Status,Garmin,6,255,2,1,8,0x017505FF7FFFFFFF
1927,6_21_2015_16_12_12_24989281,127258,Unprocessed,Magnetic Variation,Garmin,9,255,6,1,6,0xFFFFDF40FF7F
1928,6_21_2015_16_12_12_24989286,127250,Processed,Vessel Heading,Garmin,1,255,2,1,8,0xFF9A7AFF7FFF7FFD
1929,6_21_2015_16_12_12_24989295,127245,Processed,Rudder,Garmin,1,255,2,1,8,0x00F8FF7F5FB8FFFF
1930,6_21_2015_16_12_12_24989349,127508,Processed,Battery Status,Garmin,6,255,2,1,8,0x017505FF7FFFFFFF
1931,6_21_2015_16_12_12_24989386,127250,Processed,Vessel Heading,Garmin,1,255,2,1,8,0xFF9A7AFF7FFF7FFD
1932,6_21_2015_16_12_12_24989392,127245,Processed,Rudder,Garmin,1,255,2,1,8,0x00F8FF7F5FB8FFFF
1933,6_21_2015_16_12_12_24989449,127508,Processed,Battery Status,Garmin,6,255,2,1,8,0x017505FF7FFFFFFF
1934,6_21_2015_16_12_12_24989487,127250,Processed,Vessel Heading,Garmin,1,255,2,1,8,0xFF9A7AFF7FFF7FFD
1935,6_21_2015_16_12_12_24989493,127245,Processed,Rudder,Garmin,1,255,2,1,8,0x00F8FF7F5FB8FFFF
1936,6_21_2015_16_12_12_24989549,127508,Processed,Battery Status,Garmin,6,255,2,1,8,0x017505FF7FFFFFFF
1937,6_21_2015_16_12_12_24989588,127250,Processed,Vessel Heading,Garmin,1,255,2,1,8,0xFF9A7AFF7FFF7FFD
1938,6_21_2015_16_12_12_24989596,127245,Processed,Rudder,Garmin,1,255,2,1,8,0x00F8FF7F5FB8FFFF
1939,6_21_2015_16_12_12_24989649,127508,Processed,Battery Status,Garmin,6,255,2,1,8,0x017505FF7FFFFFFF
1940,6_21_2015_16_12_12_24989689,127250,Processed,Vessel Heading,Garmin,1,255,2,1,8,0xFF9A7AFF7FFF7FFD
1941,6_21_2015_16_12_12_24989698,127245,Processed,Rudder,Garmin,1,255,2,1,8,0x00F8FF7F5FB8FFFF
1942,6_21_2015_16_12_12_24989749,127508,Processed,Battery Status,Garmin,6,255,2,1,8,0x017505FF7FFFFFFF
1943,6_21_2015_16_12_12_24989789,127250,Processed,Vessel Heading,Garmin,1,255,2,1,8,0xFF9A7AFF7FFF7FFD
1944,6_21_2015_16_12_12_24989795,127245,Processed,Rudder,Garmin,1,255,2,1,8,0x00F8FF7F5FB8FFFF
1945,6_21_2015_16_12_12_24989849,127508,Processed,Battery Status,Garmin,6,255,2,1,8,0x017505FF7FFFFFFF
1946,6_21_2015_16_12_12_24989890,127250,Processed,Vessel Heading,Garmin,1,255,2,1,8,0xFF9B7AFF7FFF7FFD
1947,6_21_2015_16_12_12_24989896,127245,Processed,Rudder,Garmin,1,255,2,1,8,0x00F8FF7F5FB8FFFF
1948,6_21_2015_16_12_12_24989949,127508,Processed,Battery Status,Garmin,6,255,2,1,8,0x017505FF7FFFFFFF
1949,6_21_2015_16_12_12_24990026,127250,Processed,Vessel Heading,Garmin,1,255,2,1,8,0xFF9B7AFF7FFF7FFD
1950,6_21_2015_16_12_12_24990034,127245,Processed,Rudder,Garmin,1,255,2,1,8,0x00F8FF7F5FB8FFFF
1951,6_21_2015_16_12_12_24990049,127508,Processed,Battery Status,Garmin,6,255,2,1,8,0x017505FF7FFFFFFF
1952,6_21_2015_16_12_12_24990110,127250,Processed,Vessel Heading,Garmin,1,255,2,1,8,0xFF9B7AFF7FFF7FFD
1953,6_21_2015_16_12_13_24990118,129284,Processed,Navigation Data,Garmin,4,255,3,0,34,0xFFFFFFFFFF0FFFFFFFFFFFFFFFFFFFFFFFFFFFFFFFFFFFFFFFFFFF7FFFFFFF7FFF7F
1954,6_21_2015_16_12_13_24990126,127245,Processed,Rudder,Garmin,1,255,2,1,8,0x00F8FF7F5FB8FFFF
1955,6_21_2015_16_12_13_24990133,129283,Processed,Cross Track Error,Garmin,4,255,3,1,8,0xFFFFFFFFFF7FFFFF
1956,6_21_2015_16_12_13_24990149,127508,Processed,Battery Status,Garmin,6,255,2,1,8,0x017505FF7FFFFFFF
1957,6_21_2015_16_12_13_24990192,127250,Processed,Vessel Heading,Garmin,1,255,2,1,8,0xFF9B7AFF7FFF7FFD
1958,6_21_2015_16_12_13_24990200,127245,Processed,Rudder,Garmin,1,255,2,1,8,0x00F8FF7F5FB8FFFF
1959,6_21_2015_16_12_13_24990249,127508,Processed,Battery Status,Garmin,6,255,2,1,8,0x017505FF7FFFFFFF
1960,6_21_2015_16_12_13_24990281,127258,Unprocessed,Magnetic Variation,Garmin,9,255,6,1,6,0xFFFFDF40FF7F
1961,6_21_2015_16_12_13_24990292,127250,Processed,Vessel Heading,Garmin,1,255,2,1,8,0xFF9B7AFF7FFF7FFD
1962,6_21_2015_16_12_13_24990300,127245,Processed,Rudder,Garmin,1,255,2,1,8,0x00F8FF7F5FB8FFFF
1963,6_21_2015_16_12_13_24990349,127508,Processed,Battery Status,Garmin,6,255,2,1,8,0x017505FF7FFFFFFF
1964,6_21_2015_16_12_13_24990393,127250,Processed,Vessel Heading,Garmin,1,255,2,1,8,0xFF9C7AFF7FFF7FFD
1965,6_21_2015_16_12_13_24990402,127245,Processed,Rudder,Garmin,1,255,2,1,8,0x00F8FF7F5FB8FFFF
1966,6_21_2015_16_12_13_24990449,127508,Processed,Battery Status,Garmin,6,255,2,1,8,0x017505FF7FFFFFFF
1967,6_21_2015_16_12_13_24990494,127250,Processed,Vessel Heading,Garmin,1,255,2,1,8,0xFF9C7AFF7FFF7FFD
1968,6_21_2015_16_12_13_24990500,127245,Processed,Rudder,Garmin,1,255,2,1,8,0x00F8FF7F5FB8FFFF
1969,6_21_2015_16_12_13_24990549,127508,Processed,Battery Status,Garmin,6,255,2,1,8,0x017505FF7FFFFFFF
1970,6_21_2015_16_12_13_24990595,127250,Processed,Vessel Heading,Garmin,1,255,2,1,8,0xFF9C7AFF7FFF7FFD
1971,6_21_2015_16_12_13_24990601,127245,Processed,Rudder,Garmin,1,255,2,1,8,0x00F8FF7F5FB8FFFF
1972,6_21_2015_16_12_13_24990649,127508,Processed,Battery Status,Garmin,6,255,2,1,8,0x017505FF7FFFFFFF
1973,6_21_2015_16_12_13_24990695,127250,Processed,Vessel Heading,Garmin,1,255,2,1,8,0xFF9D7AFF7FFF7FFD
1974,6_21_2015_16_12_13_24990703,127245,Processed,Rudder,Garmin,1,255,2,1,8,0x00F8FF7F5FB8FFFF
1975,6_21_2015_16_12_13_24990749,127508,Processed,Battery Status,Garmin,6,255,2,1,8,0x017505FF7FFFFFFF
1976,6_21_2015_16_12_13_24990796,127250,Processed,Vessel Heading,Garmin,1,255,2,1,8,0xFF9D7AFF7FFF7FFD
1977,6_21_2015_16_12_13_24990804,127245,Processed,Rudder,Garmin,1,255,2,1,8,0x00F8FF7F5FB8FFFF
1978,6_21_2015_16_12_13_24990849,127508,Processed,Battery Status,Garmin,6,255,2,1,8,0x017505FF7FFFFFFF
1979,6_21_2015_16_12_13_24990897,127250,Processed,Vessel Heading,Garmin,1,255,2,1,8,0xFF9D7AFF7FFF7FFD
1980,6_21_2015_16_12_13_24990903,127245,Processed,Rudder,Garmin,1,255,2,1,8,0x00F8FF7F5FB8FFFF
1981,6_21_2015_16_12_13_24990949,127508,Processed,Battery Status,Garmin,6,255,2,1,8,0x017505FF7FFFFFFF
1982,6_21_2015_16_12_13_24990997,127250,Processed,Vessel Heading,Garmin,1,255,2,1,8,0xFF9E7AFF7FFF7FFD
1983,6_21_2015_16_12_13_24991004,127245,Processed,Rudder,Garmin,1,255,2,1,8,0x00F8FF7F5FB8FFFF
1984,6_21_2015_16_12_13_24991049,127508,Processed,Battery Status,Garmin,6,255,2,1,8,0x017505FF7FFFFFFF
1985,6_21_2015_16_12_13_24991098,127250,Processed,Vessel Heading,Garmin,1,255,2,1,8,0xFF9D7AFF7FFF7FFD
1986,6_21_2015_16_12_13_24991105,127245,Processed,Rudder,Garmin,1,255,2,1,8,0x00F8FF7F5FB8FFFF
1987,6_21_2015_16_12_14_24991149,127508,Processed,Battery Status,Garmin,6,255,2,1,8,0x017505FF7FFFFFFF
1988,6_21_2015_16_12_14_24991199,127250,Processed,Vessel Heading,Garmin,1,255,2,1,8,0xFF9D7AFF7FFF7FFD
1989,6_21_2015_16_12_14_24991207,127245,Processed,Rudder,Garmin,1,255,2,1,8,0x00F8FF7F5FB8FFFF
1990,6_21_2015_16_12_14_24991249,127508,Processed,Battery Status,Garmin,6,255,2,1,8,0x017505FF7FFFFFFF
1991,6_21_2015_16_12_14_24991280,127258,Unprocessed,Magnetic Variation,Garmin,9,255,6,1,6,0xFFFFDF40FF7F
1992,6_21_2015_16_12_14_24991300,127250,Processed,Vessel Heading,Garmin,1,255,2,1,8,0xFF9D7AFF7FFF7FFD
1993,6_21_2015_16_12_14_24991308,127245,Processed,Rudder,Garmin,1,255,2,1,8,0x00F8FF7F5FB8FFFF
1994,6_21_2015_16_12_14_24991340,129284,Processed,Navigation Data,Garmin,4,255,3,0,34,0xFFFFFFFFFF0FFFFFFFFFFFFFFFFFFFFFFFFFFFFFFFFFFFFFFFFFFF7FFFFFFF7FFF7F
1995,6_21_2015_16_12_14_24991346,129283,Processed,Cross Track Error,Garmin,4,255,3,1,8,0xFFFFFFFFFF7FFFFF
1996,6_21_2015_16_12_14_24991354,127508,Processed,Battery Status,Garmin,6,255,2,1,8,0x017505FF7FFFFFFF
1997,6_21_2015_16_12_14_24991400,127250,Processed,Vessel Heading,Garmin,1,255,2,1,8,0xFF9C7AFF7FFF7FFD
1998,6_21_2015_16_12_14_24991407,127245,Processed,Rudder,Garmin,1,255,2,1,8,0x00F8FF7F5FB8FFFF
1999,6_21_2015_16_12_14_24991449,127508,Processed,Battery Status,Garmin,6,255,2,1,8,0x017505FF7FFFFFFF
2000,6_21_2015_16_12_14_24991501,127250,Processed,Vessel Heading,Garmin,1,255,2,1,8,0xFF9C7AFF7FFF7FFD
2001,6_21_2015_16_12_14_24991509,127245,Processed,Rudder,Garmin,1,255,2,1,8,0x00F8FF7F5FB8FFFF
2002,6_21_2015_16_12_14_24991549,127508,Processed,Battery Status,Garmin,6,255,2,1,8,0x017505FF7FFFFFFF
2003,6_21_2015_16_12_14_24991602,127250,Processed,Vessel Heading,Garmin,1,255,2,1,8,0xFF9D7AFF7FFF7FFD
2004,6_21_2015_16_12_14_24991613,127245,Processed,Rudder,Garmin,1,255,2,1,8,0x00F8FF7F5FB8FFFF
2005,6_21_2015_16_12_14_24991649,127508,Processed,Battery Status,Garmin,6,255,2,1,8,0x017505FF7FFFFFFF
2006,6_21_2015_16_12_14_24991703,127250,Processed,Vessel Heading,Garmin,1,255,2,1,8,0xFF9E7AFF7FFF7FFD
2007,6_21_2015_16_12_14_24991709,127245,Processed,Rudder,Garmin,1,255,2,1,8,0x00F8FF7F5FB8FFFF
2008,6_21_2015_16_12_14_24991749,127508,Processed,Battery Status,Garmin,6,255,2,1,8,0x017505FF7FFFFFFF
2009,6_21_2015_16_12_14_24991803,127250,Processed,Vessel Heading,Garmin,1,255,2,1,8,0xFF9E7AFF7FFF7FFD
2010,6_21_2015_16_12_14_24991810,127245,Processed,Rudder,Garmin,1,255,2,1,8,0x00F8FF7F5FB8FFFF
2011,6_21_2015_16_12_14_24991849,127508,Processed,Battery Status,Garmin,6,255,2,1,8,0x017505FF7FFFFFFF
2012,6_21_2015_16_12_14_24991904,127250,Processed,Vessel Heading,Garmin,1,255,2,1,8,0xFF9D7AFF7FFF7FFD
2013,6_21_2015_16_12_14_24991912,127245,Processed,Rudder,Garmin,1,255,2,1,8,0x00F8FF7F5FB8FFFF
2014,6_21_2015_16_12_14_24991949,127508,Processed,Battery Status,Garmin,6,255,2,1,8,0x017505FF7FFFFFFF
2015,6_21_2015_16_12_14_24992005,127250,Processed,Vessel Heading,Garmin,1,255,2,1,8,0xFF9E7AFF7FFF7FFD
2016,6_21_2015_16_12_14_24992012,127245,Processed,Rudder,Garmin,1,255,2,1,8,0x00F8FF7F5FB8FFFF
2017,6_21_2015_16_12_14_24992049,127508,Processed,Battery Status,Garmin,6,255,2,1,8,0x017505FF7FFFFFFF
2018,6_21_2015_16_12_14_24992108,127250,Processed,Vessel Heading,Garmin,1,255,2,1,8,0xFF9E7AFF7FFF7FFD
2019,6_21_2015_16_12_14_24992114,127245,Processed,Rudder,Garmin,1,255,2,1,8,0x00F8FF7F5FB8FFFF
2020,6_21_2015_16_12_15_24992149,127508,Processed,Battery Status,Garmin,6,255,2,1,8,0x017505FF7FFFFFFF
2021,6_21_2015_16_12_15_24992206,127250,Processed,Vessel Heading,Garmin,1,255,2,1,8,0xFF9E7AFF7FFF7FFD
2022,6_21_2015_16_12_15_24992213,127245,Processed,Rudder,Garmin,1,255,2,1,8,0x00F8FF7F5FB8FFFF
2023,6_21_2015_16_12_15_24992249,127508,Processed,Battery Status,Garmin,6,255,2,1,8,0x017505FF7FFFFFFF
2024,6_21_2015_16_12_15_24992280,127258,Unprocessed,Magnetic Variation,Garmin,9,255,6,1,6,0xFFFFDF40FF7F
2025,6_21_2015_16_12_15_24992307,127250,Processed,Vessel Heading,Garmin,1,255,2,1,8,0xFF9E7AFF7FFF7FFD
2026,6_21_2015_16_12_15_24992314,127245,Processed,Rudder,Garmin,1,255,2,1,8,0x00F8FF7F5FB8FFFF
2027,6_21_2015_16_12_15_24992349,127508,Processed,Battery Status,Garmin,6,255,2,1,8,0x017505FF7FFFFFFF
2028,6_21_2015_16_12_15_24992407,127250,Processed,Vessel Heading,Garmin,1,255,2,1,8,0xFF9F7AFF7FFF7FFD
2029,6_21_2015_16_12_15_24992416,127245,Processed,Rudder,Garmin,1,255,2,1,8,0x00F8FF7F5FB8FFFF
2030,6_21_2015_16_12_15_24992449,127508,Processed,Battery Status,Garmin,6,255,2,1,8,0x017505FF7FFFFFFF
2031,6_21_2015_16_12_15_24992508,127250,Processed,Vessel Heading,Garmin,1,255,2,1,8,0xFFA07AFF7FFF7FFD
2032,6_21_2015_16_12_15_24992515,127245,Processed,Rudder,Garmin,1,255,2,1,8,0x00F8FF7F5FB8FFFF
2033,6_21_2015_16_12_15_24992540,129284,Processed,Navigation Data,Garmin,4,255,3,0,34,0xFFFFFFFFFF0FFFFFFFFFFFFFFFFFFFFFFFFFFFFFFFFFFFFFFFFFFF7FFFFFFF7FFF7F
2034,6_21_2015_16_12_15_24992546,129283,Processed,Cross Track Error,Garmin,4,255,3,1,8,0xFFFFFFFFFF7FFFFF
2035,6_21_2015_16_12_15_24992552,127508,Processed,Battery Status,Garmin,6,255,2,1,8,0x017505FF7FFFFFFF
2036,6_21_2015_16_12_15_24992609,127250,Processed,Vessel Heading,Garmin,1,255,2,1,8,0xFFA07AFF7FFF7FFD
2037,6_21_2015_16_12_15_24992617,127245,Processed,Rudder,Garmin,1,255,2,1,8,0x00F8FF7F5FB8FFFF
2038,6_21_2015_16_12_15_24992649,127508,Processed,Battery Status,Garmin,6,255,2,1,8,0x017505FF7FFFFFFF
2039,6_21_2015_16_12_15_24992710,127250,Processed,Vessel Heading,Garmin,1,255,2,1,8,0xFF9F7AFF7FFF7FFD
2040,6_21_2015_16_12_15_24992717,127245,Processed,Rudder,Garmin,1,255,2,1,8,0x00F8FF7F5FB8FFFF
2041,6_21_2015_16_12_15_24992749,127508,Processed,Battery Status,Garmin,6,255,2,1,8,0x017505FF7FFFFFFF
2042,6_21_2015_16_12_15_24992810,127250,Processed,Vessel Heading,Garmin,1,255,2,1,8,0xFF9F7AFF7FFF7FFD
2043,6_21_2015_16_12_15_24992817,127245,Processed,Rudder,Garmin,1,255,2,1,8,0x00F8FF7F5FB8FFFF
2044,6_21_2015_16_12_15_24992849,127508,Processed,Battery Status,Garmin,6,255,2,1,8,0x017505FF7FFFFFFF
2045,6_21_2015_16_12_15_24992911,127250,Processed,Vessel Heading,Garmin,1,255,2,1,8,0xFF9E7AFF7FFF7FFD
2046,6_21_2015_16_12_15_24992918,127245,Processed,Rudder,Garmin,1,255,2,1,8,0x00F8FF7F5FB8FFFF
2047,6_21_2015_16_12_15_24992949,127508,Processed,Battery Status,Garmin,6,255,2,1,8,0x017505FF7FFFFFFF
2048,6_21_2015_16_12_15_24993012,127250,Processed,Vessel Heading,Garmin,1,255,2,1,8,0xFF9E7AFF7FFF7FFD
2049,6_21_2015_16_12_15_24993020,127245,Processed,Rudder,Garmin,1,255,2,1,8,0x00F8FF7F5FB8FFFF
2050,6_21_2015_16_12_15_24993049,127508,Processed,Battery Status,Garmin,6,255,2,1,8,0x017505FF7FFFFFFF
2051,6_21_2015_16_12_15_24993113,127250,Processed,Vessel Heading,Garmin,1,255,2,1,8,0xFF9E7AFF7FFF7FFD
2052,6_21_2015_16_12_16_24993120,127245,Processed,Rudder,Garmin,1,255,2,1,8,0x00F8FF7F5FB8FFFF
2053,6_21_2015_16_12_16_24993149,127508,Processed,Battery Status,Garmin,6,255,2,1,8,0x017505FF7FFFFFFF
2054,6_21_2015_16_12_16_24993213,127250,Processed,Vessel Heading,Garmin,1,255,2,1,8,0xFF9E7AFF7FFF7FFD
2055,6_21_2015_16_12_16_24993219,127245,Processed,Rudder,Garmin,1,255,2,1,8,0x00F8FF7F5FB8FFFF
2056,6_21_2015_16_12_16_24993249,127508,Processed,Battery Status,Garmin,6,255,2,1,8,0x017505FF7FFFFFFF
2057,6_21_2015_16_12_16_24993280,127258,Unprocessed,Magnetic Variation,Garmin,9,255,6,1,6,0xFFFFDF40FF7F
2058,6_21_2015_16_12_16_24993314,127250,Processed,Vessel Heading,Garmin,1,255,2,1,8,0xFF9F7AFF7FFF7FFD
2059,6_21_2015_16_12_16_24993320,127245,Processed,Rudder,Garmin,1,255,2,1,8,0x00F8FF7F5FB8FFFF
2060,6_21_2015_16_12_16_24993349,127508,Processed,Battery Status,Garmin,6,255,2,1,8,0x017505FF7FFFFFFF
2061,6_21_2015_16_12_16_24993415,127250,Processed,Vessel Heading,Garmin,1,255,2,1,8,0xFF9E7AFF7FFF7FFD
2062,6_21_2015_16_12_16_24993421,127245,Processed,Rudder,Garmin,1,255,2,1,8,0x00F8FF7F5FB8FFFF
2063,6_21_2015_16_12_16_24993449,127508,Processed,Battery Status,Garmin,6,255,2,1,8,0x017505FF7FFFFFFF
2064,6_21_2015_16_12_16_24993515,127250,Processed,Vessel Heading,Garmin,1,255,2,1,8,0xFF9F7AFF7FFF7FFD
2065,6_21_2015_16_12_16_24993527,127245,Processed,Rudder,Garmin,1,255,2,1,8,0x00F8FF7F5FB8FFFF
2066,6_21_2015_16_12_16_24993549,127508,Processed,Battery Status,Garmin,6,255,2,1,8,0x017505FF7FFFFFFF
2067,6_21_2015_16_12_16_24993616,127250,Processed,Vessel Heading,Garmin,1,255,2,1,8,0xFF9E7AFF7FFF7FFD
2068,6_21_2015_16_12_16_24993623,127245,Processed,Rudder,Garmin,1,255,2,1,8,0x00F8FF7F5FB8FFFF
2069,6_21_2015_16_12_16_24993649,127508,Processed,Battery Status,Garmin,6,255,2,1,8,0x017505FF7FFFFFFF
2070,6_21_2015_16_12_16_24993717,127250,Processed,Vessel Heading,Garmin,1,255,2,1,8,0xFF9F7AFF7FFF7FFD
2071,6_21_2015_16_12_16_24993725,127245,Processed,Rudder,Garmin,1,255,2,1,8,0x00F8FF7F5FB8FFFF
2072,6_21_2015_16_12_16_24993749,127508,Processed,Battery Status,Garmin,6,255,2,1,8,0x017505FF7FFFFFFF
2073,6_21_2015_16_12_16_24993817,127250,Processed,Vessel Heading,Garmin,1,255,2,1,8,0xFF9F7AFF7FFF7FFD
2074,6_21_2015_16_12_16_24993824,127245,Processed,Rudder,Garmin,1,255,2,1,8,0x00F8FF7F5FB8FFFF
2075,6_21_2015_16_12_16_24993840,129284,Processed,Navigation Data,Garmin,4,255,3,0,34,0xFFFFFFFFFF0FFFFFFFFFFFFFFFFFFFFFFFFFFFFFFFFFFFFFFFFFFF7FFFFFFF7FFF7F
2076,6_21_2015_16_12_16_24993848,129283,Processed,Cross Track Error,Garmin,4,255,3,1,8,0xFFFFFFFFFF7FFFFF
2077,6_21_2015_16_12_16_24993855,127508,Processed,Battery Status,Garmin,6,255,2,1,8,0x017505FF7FFFFFFF
2078,6_21_2015_16_12_16_24993918,127250,Processed,Vessel Heading,Garmin,1,255,2,1,8,0xFF9F7AFF7FFF7FFD
2079,6_21_2015_16_12_17_24994371,127245,Processed,Rudder,Garmin,1,255,2,1,8,0x00F8FF7F5FB8FFFF
2080,6_21_2015_16_12_17_24994377,127508,Processed,Battery Status,Garmin,6,255,2,1,8,0x017505FF7FFFFFFF
2081,6_21_2015_16_12_17_24994384,127250,Processed,Vessel Heading,Garmin,1,255,2,1,8,0xFF9E7AFF7FFF7FFD
2082,6_21_2015_16_12_17_24994391,127245,Processed,Rudder,Garmin,1,255,2,1,8,0x00F8FF7F5FB8FFFF
2083,6_21_2015_16_12_17_24994397,127508,Processed,Battery Status,Garmin,6,255,2,1,8,0x017505FF7FFFFFFF
2084,6_21_2015_16_12_17_24994404,127250,Processed,Vessel Heading,Garmin,1,255,2,1,8,0xFF9E7AFF7FFF7FFD
2085,6_21_2015_16_12_17_24994413,127245,Processed,Rudder,Garmin,1,255,2,1,8,0x00F8FF7F5FB8FFFF
2086,6_21_2015_16_12_17_24994420,127508,Processed,Battery Status,Garmin,6,255,2,1,8,0x017505FF7FFFFFFF
2087,6_21_2015_16_12_17_24994427,127250,Processed,Vessel Heading,Garmin,1,255,2,1,8,0xFF9E7AFF7FFF7FFD
2088,6_21_2015_16_12_17_24994433,127245,Processed,Rudder,Garmin,1,255,2,1,8,0x00F8FF7F5FB8FFFF
2089,6_21_2015_16_12_17_24994440,127508,Processed,Battery Status,Garmin,6,255,2,1,8,0x017505FF7FFFFFFF
2090,6_21_2015_16_12_17_24994447,127258,Unprocessed,Magnetic Variation,Garmin,9,255,6,1,6,0xFFFFDF40FF7F
2091,6_21_2015_16_12_17_24994454,127250,Processed,Vessel Heading,Garmin,1,255,2,1,8,0xFF9E7AFF7FFF7FFD
2092,6_21_2015_16_12_17_24994461,127245,Processed,Rudder,Garmin,1,255,2,1,8,0x00F8FF7F5FB8FFFF
2093,6_21_2015_16_12_17_24994468,127508,Processed,Battery Status,Garmin,6,255,2,1,8,0x017505FF7FFFFFFF
2094,6_21_2015_16_12_17_24994475,127250,Processed,Vessel Heading,Garmin,1,255,2,1,8,0xFF9E7AFF7FFF7FFD
2095,6_21_2015_16_12_17_24994482,127245,Processed,Rudder,Garmin,1,255,2,1,8,0x00F8FF7F5FB8FFFF
2096,6_21_2015_16_12_17_24994489,127508,Processed,Battery Status,Garmin,6,255,2,1,8,0x017505FF7FFFFFFF
2097,6_21_2015_16_12_17_24994522,127250,Processed,Vessel Heading,Garmin,1,255,2,1,8,0xFF9E7AFF7FFF7FFD
2098,6_21_2015_16_12_17_24994530,127245,Processed,Rudder,Garmin,1,255,2,1,8,0x00F8FF7F5FB8FFFF
2099,6_21_2015_16_12_17_24994549,127508,Processed,Battery Status,Garmin,6,255,2,1,8,0x017505FF7FFFFFFF
2100,6_21_2015_16_12_17_24994623,127250,Processed,Vessel Heading,Garmin,1,255,2,1,8,0xFF9E7AFF7FFF7FFD
2101,6_21_2015_16_12_17_24994630,127245,Processed,Rudder,Garmin,1,255,2,1,8,0x00F8FF7F5FB8FFFF
2102,6_21_2015_16_12_17_24994649,127508,Processed,Battery Status,Garmin,6,255,2,1,8,0x017205FF7FFFFFFF
2103,6_21_2015_16_12_17_24994724,127250,Processed,Vessel Heading,Garmin,1,255,2,1,8,0xFF9E7AFF7FFF7FFD
2104,6_21_2015_16_12_17_24994731,127245,Processed,Rudder,Garmin,1,255,2,1,8,0x00F8FF7F5FB8FFFF
2105,6_21_2015_16_12_17_24994749,127508,Processed,Battery Status,Garmin,6,255,2,1,8,0x017505FF7FFFFFFF
2106,6_21_2015_16_12_17_24994824,127250,Processed,Vessel Heading,Garmin,1,255,2,1,8,0xFF9E7AFF7FFF7FFD
2107,6_21_2015_16_12_17_24994832,127245,Processed,Rudder,Garmin,1,255,2,1,8,0x00F8FF7F5FB8FFFF
2108,6_21_2015_16_12_17_24994849,127508,Processed,Battery Status,Garmin,6,255,2,1,8,0x017505FF7FFFFFFF
2109,6_21_2015_16_12_17_24994925,127250,Processed,Vessel Heading,Garmin,1,255,2,1,8,0xFF9E7AFF7FFF7FFD
2110,6_21_2015_16_12_17_24994933,127245,Processed,Rudder,Garmin,1,255,2,1,8,0x00F8FF7F5FB8FFFF
2111,6_21_2015_16_12_17_24994949,127508,Processed,Battery Status,Garmin,6,255,2,1,8,0x017505FF7FFFFFFF
2112,6_21_2015_16_12_17_24995026,127250,Processed,Vessel Heading,Garmin,1,255,2,1,8,0xFF9E7AFF7FFF7FFD
2113,6_21_2015_16_12_17_24995034,127245,Processed,Rudder,Garmin,1,255,2,1,8,0x00F8FF7F5FB8FFFF
2114,6_21_2015_16_12_17_24995040,129284,Processed,Navigation Data,Garmin,4,255,3,0,34,0xFFFFFFFFFF0FFFFFFFFFFFFFFFFFFFFFFFFFFFFFFFFFFFFFFFFFFF7FFFFFFF7FFF7F
2115,6_21_2015_16_12_17_24995048,129283,Processed,Cross Track Error,Garmin,4,255,3,1,8,0xFFFFFFFFFF7FFFFF
2116,6_21_2015_16_12_17_24995055,127508,Processed,Battery Status,Garmin,6,255,2,1,8,0x017505FF7FFFFFFF
2117,6_21_2015_16_12_18_24995127,127250,Processed,Vessel Heading,Garmin,1,255,2,1,8,0xFF9E7AFF7FFF7FFD
2118,6_21_2015_16_12_18_24995133,127245,Processed,Rudder,Garmin,1,255,2,1,8,0x00F8FF7F5FB8FFFF
2119,6_21_2015_16_12_18_24995149,127508,Processed,Battery Status,Garmin,6,255,2,1,8,0x017505FF7FFFFFFF
2120,6_21_2015_16_12_18_24995227,127250,Processed,Vessel Heading,Garmin,1,255,2,1,8,0xFF9E7AFF7FFF7FFD
2121,6_21_2015_16_12_18_24995235,127245,Processed,Rudder,Garmin,1,255,2,1,8,0x00F8FF7F5FB8FFFF
2122,6_21_2015_16_12_18_24995249,127508,Processed,Battery Status,Garmin,6,255,2,1,8,0x017505FF7FFFFFFF
2123,6_21_2015_16_12_18_24995280,127258,Unprocessed,Magnetic Variation,Garmin,9,255,6,1,6,0xFFFFDF40FF7F
2124,6_21_2015_16_12_18_24995328,127250,Processed,Vessel Heading,Garmin,1,255,2,1,8,0xFF9E7AFF7FFF7FFD
2125,6_21_2015_16_12_18_24995338,127245,Processed,Rudder,Garmin,1,255,2,1,8,0x00F8FF7F5FB8FFFF
2126,6_21_2015_16_12_18_24995349,127508,Processed,Battery Status,Garmin,6,255,2,1,8,0x017505FF7FFFFFFF
2127,6_21_2015_16_12_18_24995429,127250,Processed,Vessel Heading,Garmin,1,255,2,1,8,0xFF9E7AFF7FFF7FFD
2128,6_21_2015_16_12_18_24995435,127245,Processed,Rudder,Garmin,1,255,2,1,8,0x00F8FF7F5FB8FFFF
2129,6_21_2015_16_12_18_24995449,127508,Processed,Battery Status,Garmin,6,255,2,1,8,0x017505FF7FFFFFFF
2130,6_21_2015_16_12_18_24995529,127250,Processed,Vessel Heading,Garmin,1,255,2,1,8,0xFF9E7AFF7FFF7FFD
2131,6_21_2015_16_12_18_24995537,127245,Processed,Rudder,Garmin,1,255,2,1,8,0x00F8FF7F5FB8FFFF
2132,6_21_2015_16_12_18_24995549,127508,Processed,Battery Status,Garmin,6,255,2,1,8,0x017505FF7FFFFFFF
2133,6_21_2015_16_12_18_24995630,127250,Processed,Vessel Heading,Garmin,1,255,2,1,8,0xFF9F7AFF7FFF7FFD
2134,6_21_2015_16_12_18_24995637,127245,Processed,Rudder,Garmin,1,255,2,1,8,0x00F8FF7F5FB8FFFF
2135,6_21_2015_16_12_18_24995649,127508,Processed,Battery Status,Garmin,6,255,2,1,8,0x017505FF7FFFFFFF
2136,6_21_2015_16_12_18_24995731,127250,Processed,Vessel Heading,Garmin,1,255,2,1,8,0xFF9F7AFF7FFF7FFD
2137,6_21_2015_16_12_18_24995738,127245,Processed,Rudder,Garmin,1,255,2,1,8,0x00F8FF7F5FB8FFFF
2138,6_21_2015_16_12_18_24995749,127508,Processed,Battery Status,Garmin,6,255,2,1,8,0x017505FF7FFFFFFF
2139,6_21_2015_16_12_18_24995832,127250,Processed,Vessel Heading,Garmin,1,255,2,1,8,0xFF9F7AFF7FFF7FFD
2140,6_21_2015_16_12_18_24995839,127245,Processed,Rudder,Garmin,1,255,2,1,8,0x00F8FF7F5FB8FFFF
2141,6_21_2015_16_12_18_24995849,127508,Processed,Battery Status,Garmin,6,255,2,1,8,0x017505FF7FFFFFFF
2142,6_21_2015_16_12_18_24995932,127250,Processed,Vessel Heading,Garmin,1,255,2,1,8,0xFF9F7AFF7FFF7FFD
2143,6_21_2015_16_12_18_24995940,127245,Processed,Rudder,Garmin,1,255,2,1,8,0x00F8FF7F5FB8FFFF
2144,6_21_2015_16_12_18_24995954,127508,Processed,Battery Status,Garmin,6,255,2,1,8,0x017505FF7FFFFFFF
2145,6_21_2015_16_12_18_24996033,127250,Processed,Vessel Heading,Garmin,1,255,2,1,8,0xFFA07AFF7FFF7FFD
2146,6_21_2015_16_12_18_24996042,127245,Processed,Rudder,Garmin,1,255,2,1,8,0x00F8FF7F5FB8FFFF
2147,6_21_2015_16_12_18_24996049,127508,Processed,Battery Status,Garmin,6,255,2,1,8,0x017505FF7FFFFFFF
2148,6_21_2015_16_12_19_24996134,127250,Processed,Vessel Heading,Garmin,1,255,2,1,8,0xFF9F7AFF7FFF7FFD
2149,6_21_2015_16_12_19_24996141,127245,Processed,Rudder,Garmin,1,255,2,1,8,0x00F8FF7F5FB8FFFF
2150,6_21_2015_16_12_19_24996149,127508,Processed,Battery Status,Garmin,6,255,2,1,8,0x017505FF7FFFFFFF
2151,6_21_2015_16_12_19_24996234,127250,Processed,Vessel Heading,Garmin,1,255,2,1,8,0xFF9E7AFF7FFF7FFD
2152,6_21_2015_16_12_19_24996241,127245,Processed,Rudder,Garmin,1,255,2,1,8,0x00F8FF7F5FB8FFFF
2153,6_21_2015_16_12_19_24996249,127508,Processed,Battery Status,Garmin,6,255,2,1,8,0x017505FF7FFFFFFF
2154,6_21_2015_16_12_19_24996280,127258,Unprocessed,Magnetic Variation,Garmin,9,255,6,1,6,0xFFFFDF40FF7F
2155,6_21_2015_16_12_19_24996290,129284,Processed,Navigation Data,Garmin,4,255,3,0,34,0xFFFFFFFFFF0FFFFFFFFFFFFFFFFFFFFFFFFFFFFFFFFFFFFFFFFFFF7FFFFFFF7FFF7F
2156,6_21_2015_16_12_19_24996296,129283,Processed,Cross Track Error,Garmin,4,255,3,1,8,0xFFFFFFFFFF7FFFFF
2157,6_21_2015_16_12_19_24996335,127250,Processed,Vessel Heading,Garmin,1,255,2,1,8,0xFF9E7AFF7FFF7FFD
2158,6_21_2015_16_12_19_24996343,127245,Processed,Rudder,Garmin,1,255,2,1,8,0x00F8FF7F5FB8FFFF
2159,6_21_2015_16_12_19_24996350,127508,Processed,Battery Status,Garmin,6,255,2,1,8,0x017505FF7FFFFFFF
2160,6_21_2015_16_12_19_24996436,127250,Processed,Vessel Heading,Garmin,1,255,2,1,8,0xFF9E7AFF7FFF7FFD
2161,6_21_2015_16_12_19_24996443,127245,Processed,Rudder,Garmin,1,255,2,1,8,0x00F8FF7F5FB8FFFF
2162,6_21_2015_16_12_19_24996451,127508,Processed,Battery Status,Garmin,6,255,2,1,8,0x017505FF7FFFFFFF
2163,6_21_2015_16_12_19_24996537,127250,Processed,Vessel Heading,Garmin,1,255,2,1,8,0xFF9D7AFF7FFF7FFD
2164,6_21_2015_16_12_19_24996543,127245,Processed,Rudder,Garmin,1,255,2,1,8,0x00F8FF7F5FB8FFFF
2165,6_21_2015_16_12_19_24996554,127508,Processed,Battery Status,Garmin,6,255,2,1,8,0x017505FF7FFFFFFF
2166,6_21_2015_16_12_19_24996637,127250,Processed,Vessel Heading,Garmin,1,255,2,1,8,0xFF9D7AFF7FFF7FFD
2167,6_21_2015_16_12_19_24996644,127245,Processed,Rudder,Garmin,1,255,2,1,8,0x00F8FF7F5FB8FFFF
2168,6_21_2015_16_12_19_24996650,127508,Processed,Battery Status,Garmin,6,255,2,1,8,0x017505FF7FFFFFFF
2169,6_21_2015_16_12_19_24996738,127250,Processed,Vessel Heading,Garmin,1,255,2,1,8,0xFF9D7AFF7FFF7FFD
2170,6_21_2015_16_12_19_24996746,127245,Processed,Rudder,Garmin,1,255,2,1,8,0x00F8FF7F5FB8FFFF
2171,6_21_2015_16_12_19_24996752,127508,Processed,Battery Status,Garmin,6,255,2,1,8,0x017505FF7FFFFFFF
2172,6_21_2015_16_12_19_24996839,127250,Processed,Vessel Heading,Garmin,1,255,2,1,8,0xFF9E7AFF7FFF7FFD
2173,6_21_2015_16_12_19_24996846,127245,Processed,Rudder,Garmin,1,255,2,1,8,0x00F8FF7F5FB8FFFF
2174,6_21_2015_16_12_19_24996854,127508,Processed,Battery Status,Garmin,6,255,2,1,8,0x017505FF7FFFFFFF
2175,6_21_2015_16_12_19_24996939,127250,Processed,Vessel Heading,Garmin,1,255,2,1,8,0xFF9E7AFF7FFF7FFD
2176,6_21_2015_16_12_19_24996945,127245,Processed,Rudder,Garmin,1,255,2,1,8,0x00F8FF7F5FB8FFFF
2177,6_21_2015_16_12_19_24996952,127508,Processed,Battery Status,Garmin,6,255,2,1,8,0x017505FF7FFFFFFF
2178,6_21_2015_16_12_19_24997040,127250,Processed,Vessel Heading,Garmin,1,255,2,1,8,0xFF9E7AFF7FFF7FFD
2179,6_21_2015_16_12_19_24997047,127245,Processed,Rudder,Garmin,1,255,2,1,8,0x00F8FF7F5FB8FFFF
2180,6_21_2015_16_12_19_24997052,127508,Processed,Battery Status,Garmin,6,255,2,1,8,0x017505FF7FFFFFFF
2181,6_21_2015_16_12_20_24997141,127250,Processed,Vessel Heading,Garmin,1,255,2,1,8,0xFF9D7AFF7FFF7FFD
2182,6_21_2015_16_12_20_24997149,127245,Processed,Rudder,Garmin,1,255,2,1,8,0x00F8FF7F5FB8FFFF
2183,6_21_2015_16_12_20_24997156,127508,Processed,Battery Status,Garmin,6,255,2,1,8,0x017505FF7FFFFFFF
2184,6_21_2015_16_12_20_24997241,127250,Processed,Vessel Heading,Garmin,1,255,2,1,8,0xFF9D7AFF7FFF7FFD
2185,6_21_2015_16_12_20_24997248,127245,Processed,Rudder,Garmin,1,255,2,1,8,0x00F8FF7F5FB8FFFF
2186,6_21_2015_16_12_20_24997257,127508,Processed,Battery Status,Garmin,6,255,2,1,8,0x017505FF7FFFFFFF
2187,6_21_2015_16_12_20_24997280,127258,Unprocessed,Magnetic Variation,Garmin,9,255,6,1,6,0xFFFFDF40FF7F
2188,6_21_2015_16_12_20_24997343,127250,Processed,Vessel Heading,Garmin,1,255,2,1,8,0xFF9C7AFF7FFF7FFD
2189,6_21_2015_16_12_20_24997350,127245,Processed,Rudder,Garmin,1,255,2,1,8,0x00F8FF7F5FB8FFFF
2190,6_21_2015_16_12_20_24997358,127508,Processed,Battery Status,Garmin,6,255,2,1,8,0x017205FF7FFFFFFF
2191,6_21_2015_16_12_20_24997440,129284,Processed,Navigation Data,Garmin,4,255,3,0,34,0xFFFFFFFFFF0FFFFFFFFFFFFFFFFFFFFFFFFFFFFFFFFFFFFFFFFFFF7FFFFFFF7FFF7F
2192,6_21_2015_16_12_20_24997446,127250,Processed,Vessel Heading,Garmin,1,255,2,1,8,0xFF9C7AFF7FFF7FFD
2193,6_21_2015_16_12_20_24997453,127245,Processed,Rudder,Garmin,1,255,2,1,8,0x00F8FF7F5FB8FFFF
2194,6_21_2015_16_12_20_24997461,129283,Processed,Cross Track Error,Garmin,4,255,3,1,8,0xFFFFFFFFFF7FFFFF
2195,6_21_2015_16_12_20_24997468,127508,Processed,Battery Status,Garmin,6,255,2,1,8,0x017505FF7FFFFFFF
2196,6_21_2015_16_12_20_24997544,127250,Processed,Vessel Heading,Garmin,1,255,2,1,8,0xFF9C7AFF7FFF7FFD
2197,6_21_2015_16_12_20_24997551,127245,Processed,Rudder,Garmin,1,255,2,1,8,0x00F8FF7F5FB8FFFF
2198,6_21_2015_16_12_20_24997559,127508,Processed,Battery Status,Garmin,6,255,2,1,8,0x017505FF7FFFFFFF
2199,6_21_2015_16_12_20_24997644,127250,Processed,Vessel Heading,Garmin,1,255,2,1,8,0xFF9C7AFF7FFF7FFD
2200,6_21_2015_16_12_20_24997650,127245,Processed,Rudder,Garmin,1,255,2,1,8,0x00F8FF7F5FB8FFFF
2201,6_21_2015_16_12_20_24997657,127508,Processed,Battery Status,Garmin,6,255,2,1,8,0x017505FF7FFFFFFF
2202,6_21_2015_16_12_20_24997745,127250,Processed,Vessel Heading,Garmin,1,255,2,1,8,0xFF9C7AFF7FFF7FFD
2203,6_21_2015_16_12_20_24997752,127245,Processed,Rudder,Garmin,1,255,2,1,8,0x00F8FF7F5FB8FFFF
2204,6_21_2015_16_12_20_24997758,127508,Processed,Battery Status,Garmin,6,255,2,1,8,0x017505FF7FFFFFFF
2205,6_21_2015_16_12_20_24997846,127250,Processed,Vessel Heading,Garmin,1,255,2,1,8,0xFF9C7AFF7FFF7FFD
2206,6_21_2015_16_12_20_24997854,127245,Processed,Rudder,Garmin,1,255,2,1,8,0x00F8FF7F5FB8FFFF
2207,6_21_2015_16_12_20_24997861,127508,Processed,Battery Status,Garmin,6,255,2,1,8,0x017505FF7FFFFFFF
2208,6_21_2015_16_12_20_24997946,127250,Processed,Vessel Heading,Garmin,1,255,2,1,8,0xFF9B7AFF7FFF7FFD
2209,6_21_2015_16_12_20_24997953,127245,Processed,Rudder,Garmin,1,255,2,1,8,0x00F8FF7F5FB8FFFF
2210,6_21_2015_16_12_20_24997962,127508,Processed,Battery Status,Garmin,6,255,2,1,8,0x017505FF7FFFFFFF
2211,6_21_2015_16_12_20_24998047,127250,Processed,Vessel Heading,Garmin,1,255,2,1,8,0xFF9B7AFF7FFF7FFD
2212,6_21_2015_16_12_20_24998053,127245,Processed,Rudder,Garmin,1,255,2,1,8,0x00F8FF7F5FB8FFFF
2213,6_21_2015_16_12_20_24998060,127508,Processed,Battery Status,Garmin,6,255,2,1,8,0x017505FF7FFFFFFF
2214,6_21_2015_16_12_21_24998148,127250,Processed,Vessel Heading,Garmin,1,255,2,1,8,0xFF9C7AFF7FFF7FFD
2215,6_21_2015_16_12_21_24998155,127245,Processed,Rudder,Garmin,1,255,2,1,8,0x00F8FF7F5FB8FFFF
2216,6_21_2015_16_12_21_24998161,127508,Processed,Battery Status,Garmin,6,255,2,1,8,0x017505FF7FFFFFFF
2217,6_21_2015_16_12_21_24998248,127250,Processed,Vessel Heading,Garmin,1,255,2,1,8,0xFF9C7AFF7FFF7FFD
2218,6_21_2015_16_12_21_24998257,127508,Processed,Battery Status,Garmin,6,255,2,1,8,0x017505FF7FFFFFFF
2219,6_21_2015_16_12_21_24998264,127245,Processed,Rudder,Garmin,1,255,2,1,8,0x00F8FF7F5FB8FFFF
2220,6_21_2015_16_12_21_24998281,127258,Unprocessed,Magnetic Variation,Garmin,9,255,6,1,6,0xFFFFDF40FF7F
2221,6_21_2015_16_12_21_24998349,127508,Processed,Battery Status,Garmin,6,255,2,1,8,0x017505FF7FFFFFFF
2222,6_21_2015_16_12_21_24998357,127250,Processed,Vessel Heading,Garmin,1,255,2,1,8,0xFF9D7AFF7FFF7FFD
2223,6_21_2015_16_12_21_24998365,127245,Processed,Rudder,Garmin,1,255,2,1,8,0x00F8FF7F5FB8FFFF
2224,6_21_2015_16_12_21_24998449,127508,Processed,Battery Status,Garmin,6,255,2,1,8,0x017505FF7FFFFFFF
2225,6_21_2015_16_12_21_24998461,127250,Processed,Vessel Heading,Garmin,1,255,2,1,8,0xFF9D7AFF7FFF7FFD
2226,6_21_2015_16_12_21_24998469,127245,Processed,Rudder,Garmin,1,255,2,1,8,0x00F8FF7F5FB8FFFF
2227,6_21_2015_16_12_21_24998508,129284,Processed,Navigation Data,Garmin,4,255,3,0,34,0xFFFFFFFFFF0FFFFFFFFFFFFFFFFFFFFFFFFFFFFFFFFFFFFFFFFFFF7FFFFFFF7FFF7F
2228,6_21_2015_16_12_21_24998514,129283,Processed,Cross Track Error,Garmin,4,255,3,1,8,0xFFFFFFFFFF7FFFFF
2229,6_21_2015_16_12_21_24998549,127508,Processed,Battery Status,Garmin,6,255,2,1,8,0x017505FF7FFFFFFF
2230,6_21_2015_16_12_21_24998557,127250,Processed,Vessel Heading,Garmin,1,255,2,1,8,0xFF9D7AFF7FFF7FFD
2231,6_21_2015_16_12_21_24998563,127245,Processed,Rudder,Garmin,1,255,2,1,8,0x00F8FF7F5FB8FFFF
2232,6_21_2015_16_12_21_24998649,127508,Processed,Battery Status,Garmin,6,255,2,1,8,0x017505FF7FFFFFFF
2233,6_21_2015_16_12_21_24998657,127250,Processed,Vessel Heading,Garmin,1,255,2,1,8,0xFF9C7AFF7FFF7FFD
2234,6_21_2015_16_12_21_24998666,127245,Processed,Rudder,Garmin,1,255,2,1,8,0x00F8FF7F5FB8FFFF
2235,6_21_2015_16_12_21_24998749,127508,Processed,Battery Status,Garmin,6,255,2,1,8,0x017505FF7FFFFFFF
2236,6_21_2015_16_12_21_24998755,127250,Processed,Vessel Heading,Garmin,1,255,2,1,8,0xFF9B7AFF7FFF7FFD
2237,6_21_2015_16_12_21_24998763,127245,Processed,Rudder,Garmin,1,255,2,1,8,0x00F8FF7F5FB8FFFF
